TE	length	covg	frags	fullLgthFrags	copies	fullLgthCopies	meanId	sdId	minId	q25Id	medId	q75Id	maxId	meanLgth	sdLgth	minLgth	q25Lgth	medLgth	q75Lgth	maxLgth	meanLgthPerc	sdLgthPerc	minLgthPerc	q25LgthPerc	medLgthPerc	q75LgthPerc	maxLgthPerc
DHX-incomp_CS10-B-G138-Map19_reversed	6578	13689	16	1	14	1	80.66	7.49	70.90	76.00	79.85	83.30	99.70	978.21	2065.79	47	65.00	85.00	325.00	6321	14.87	31.40	0.71	0.99	1.29	4.94	96.09
DHX-incomp_CS10-B-G139-Map20	6718	21887	37	1	35	1	83.18	8.35	71.70	77.40	81.20	90.60	100.00	625.51	1624.09	21	64.00	92.00	130.00	6673	9.31	24.18	0.31	0.95	1.37	1.94	99.33
DHX-incomp_CS10-L-B47-Map1	8633	11045	6	1	6	1	87.53	10.39	74.60	76.00	90.05	94.60	99.90	1840.83	3344.76	213	219.00	572.50	824.00	8644	21.32	38.74	2.47	2.54	6.63	9.54	100.13
DTX-comp_CS10-B-G109-Map8_reversed	3403	27241	10	8	10	8	97.79	2.91	90.90	96.30	98.95	100.00	100.00	2724.10	1407.34	44	3355.00	3394.50	3399.00	3402	80.05	41.36	1.29	98.59	99.75	99.88	99.97
DTX-comp_CS10-B-G114-Map4	3744	24833	15	4	12	4	83.94	7.92	67.17	81.57	85.35	92.20	92.30	2069.42	1614.93	21	493.00	2501.50	3684.00	3698	55.27	43.13	0.56	13.17	66.81	98.40	98.77
DTX-comp_CS10-B-G32-Map6_reversed	1868	6457	8	2	8	2	88.01	7.59	77.00	81.50	89.70	95.30	95.30	807.12	826.64	78	136.00	411.00	1860.00	1866	43.21	44.25	4.18	7.28	22.00	99.57	99.89
DTX-comp_CS10-B-G50-Map6	1879	6890	15	2	14	2	89.66	8.05	72.90	88.40	92.60	95.50	96.30	492.14	649.30	25	56.00	175.00	820.00	1861	26.19	34.56	1.33	2.98	9.31	43.64	99.04
DTX-comp_CS10-B-G66-Map11	1853	8764	8	4	8	4	87.39	11.99	62.90	82.80	89.40	99.30	99.60	1095.50	822.69	153	337.00	1271.50	1850.00	1852	59.12	44.40	8.26	18.19	68.62	99.84	99.95
DTX-comp_CS10-B-G67-Map7_reversed	1858	17694	17	9	17	9	92.71	7.75	80.30	85.10	96.60	100.00	100.00	1042.88	880.94	29	76.00	1790.00	1856.00	1858	56.13	47.41	1.56	4.09	96.34	99.89	100.00
DTX-comp_CS10-B-G74-Map20	1866	17337	12	9	11	9	97.29	5.12	82.13	97.60	98.60	99.80	99.80	1576.09	618.31	288	1848.00	1855.00	1855.00	1861	84.46	33.14	15.43	99.04	99.41	99.41	99.73
DTX-comp_CS10-B-G81-Map12	2134	4266	2	2	2	2	97.60	0.00	97.60	97.60	97.60	97.60	97.60	2133.00	0.00	2133	2133.00	2133.00	2133.00	2133	99.95	0.00	99.95	99.95	99.95	99.95	99.95
DTX-comp_CS10-B-G88-Map13	2683	18307	14	5	14	5	86.08	12.02	60.00	84.70	88.95	94.30	98.80	1307.64	1148.37	23	90.00	1158.00	2581.00	2666	48.74	42.80	0.86	3.35	43.16	96.20	99.37
DTX-comp_CS10-B-P10.35-Map6	1605	19371	14	11	13	12	95.13	10.08	64.70	98.70	99.20	99.30	99.40	1490.08	377.03	236	1588.00	1600.00	1601.00	1618	92.84	23.49	14.70	98.94	99.69	99.75	100.81
DTX-comp_CS10-B-P11.13-Map5	1864	8474	10	4	10	4	89.88	6.47	79.00	86.60	89.70	95.60	98.60	847.40	879.19	29	75.00	396.50	1858.00	1864	45.46	47.17	1.56	4.02	21.27	99.68	100.00
DTX-comp_CS10-B-P21.26-Map14	2122	3160	4	1	4	1	87.25	12.90	68.00	92.30	92.80	95.40	95.40	790.00	863.35	276	400.00	401.00	2082.00	2082	37.23	40.69	13.01	18.85	18.90	98.11	98.11
DTX-comp_CS10-B-P29.22-Map3_reversed	1852	13352	11	6	11	6	89.94	12.84	62.30	76.10	95.30	98.50	99.30	1213.82	769.90	100	383.00	1843.00	1847.00	1850	65.54	41.57	5.40	20.68	99.51	99.73	99.89
DTX-comp_CS10-B-P30.21-Map8_reversed	1496	13720	13	8	12	8	92.41	8.65	72.90	86.50	98.20	98.90	99.50	1143.33	565.88	21	900.00	1489.50	1492.00	1493	76.43	37.83	1.40	60.16	99.57	99.73	99.80
DTX-comp_CS10-B-P35.17-Map20	2162	35110	33	14	32	14	88.97	10.91	71.40	80.50	89.65	99.90	100.00	1107.09	963.10	26	181.00	956.50	2149.00	2160	51.21	44.55	1.20	8.37	44.24	99.40	99.91
DTX-comp_CS10-B-P54.1-Map3_reversed	1842	7386	5	4	5	4	99.90	0.22	99.50	100.00	100.00	100.00	100.00	1477.20	791.76	61	1812.00	1833.00	1839.00	1841	80.20	42.98	3.31	98.37	99.51	99.84	99.95
DTX-comp_CS10-B-R111-Map4	2788	8835	5	3	5	3	96.74	4.72	88.90	95.70	99.30	99.90	99.90	1767.00	1399.29	42	442.00	2782.00	2783.00	2786	63.38	50.19	1.51	15.85	99.78	99.82	99.93
DTX-comp_CS10-B-R118-Map10	1854	6474	9	3	8	3	90.17	9.99	74.80	87.30	92.10	99.10	99.50	809.25	867.51	51	137.00	333.00	1851.00	1851	43.65	46.79	2.75	7.39	17.96	99.84	99.84
DTX-comp_CS10-B-R176-Map4_reversed	2002	13434	13	3	13	3	91.33	5.97	79.20	89.10	93.90	95.80	97.70	1033.38	918.79	82	120.00	424.00	1996.00	2167	51.62	45.89	4.10	5.99	21.18	99.70	108.24
DTX-comp_CS10-B-R37-Map6	1840	9800	8	5	8	5	91.55	8.28	79.80	83.80	96.15	99.10	99.20	1225.00	833.63	97	345.00	1811.00	1838.00	1840	66.58	45.31	5.27	18.75	98.42	99.89	100.00
DTX-comp_CS10-B-R6-Map4_reversed	1859	4658	5	2	4	2	90.50	11.11	78.80	83.21	91.60	100.00	100.00	1164.50	837.94	167	776.00	1316.00	1859.00	1859	62.64	45.07	8.98	41.74	70.79	100.00	100.00
DTX-comp_CS10-B-R77-Map3	1847	4896	15	1	15	1	86.29	5.78	78.50	82.40	84.70	90.30	96.00	326.40	452.84	58	76.00	145.00	429.00	1840	17.67	24.52	3.14	4.11	7.85	23.23	99.62
DTX-comp_CS10_RS_00	14080	33165	40	1	38	1	77.30	8.03	61.78	71.50	76.90	84.00	100.00	872.76	2280.88	29	120.00	251.50	1010.00	14080	6.20	16.20	0.21	0.85	1.79	7.17	100.00
DTX-comp_CS10_RS_49	1849	9531	8	3	8	3	78.96	6.23	68.30	76.70	79.00	85.00	85.60	1191.38	822.95	119	275.00	1683.50	1839.00	1878	64.43	44.51	6.44	14.87	91.05	99.46	101.57
DTX-comp_Ptr_1CBFP-B-G66-Map20_reversed	1890	2413	3	1	3	1	68.17	5.76	64.50	64.50	65.20	74.80	74.80	804.33	930.87	144	144.00	400.00	1869.00	1869	42.56	49.25	7.62	7.62	21.16	98.89	98.89
DTX-comp_Ptr_1CBFP-B-G90-Map7_reversed	2114	2498	3	1	3	1	72.40	2.63	69.40	69.40	73.50	74.30	74.30	832.67	1077.63	206	206.00	215.00	2077.00	2077	39.39	50.98	9.74	9.74	10.17	98.25	98.25
DTX-comp_Ptr_1CBFP-B-P34.3-Map13_reversed	2124	2384	2	1	2	1	69.40	1.13	68.60	68.60	69.40	70.20	70.20	1192.00	1227.54	324	324.00	1192.00	2060.00	2060	56.12	57.79	15.25	15.25	56.12	96.99	96.99
DTX-incomp-chim_CS10-B-R133-Map3_reversed	3576	9796	13	1	13	1	77.09	13.54	63.40	69.40	71.60	77.20	100.00	753.54	1156.87	116	160.00	225.00	242.00	3576	21.07	32.35	3.24	4.47	6.29	6.77	100.00
DTX-incomp-chim_CS10-B-R61-Map5	7716	22854	13	2	11	2	80.94	12.45	68.30	69.20	76.80	95.37	99.90	2077.82	2976.98	156	200.00	722.00	3825.00	7714	26.93	38.58	2.02	2.59	9.36	49.57	99.97
DTX-incomp-chim_CS10-L-B116-Map1	4535	32859	27	1	26	1	90.22	10.62	70.20	80.50	94.12	99.90	100.00	1276.00	1137.25	26	129.00	1207.00	2149.00	4535	28.14	25.08	0.57	2.84	26.62	47.39	100.00
DTX-incomp-chim_CS10-L-B120-Map1	3778	16210	38	1	32	1	85.84	7.83	68.80	80.20	86.20	92.70	100.00	506.78	720.06	21	180.00	266.00	579.00	3778	13.41	19.06	0.56	4.76	7.04	15.33	100.00
DTX-incomp-chim_CS10-L-B13-Map2	17747	31976	28	1	26	1	86.16	11.59	62.01	77.62	89.80	95.50	99.90	1231.08	3598.21	26	88.00	302.50	521.00	17735	6.94	20.28	0.15	0.50	1.70	2.94	99.93
DTX-incomp-chim_CS10-L-B20-Map1	22668	200523	135	1	85	1	83.58	8.51	64.65	77.12	84.20	89.90	100.00	2361.68	4017.45	21	145.00	474.00	2733.00	22668	10.42	17.72	0.09	0.64	2.09	12.06	100.00
DTX-incomp-chim_CS10-L-B21-Map1	22648	66037	60	1	51	1	81.76	12.62	55.00	74.70	82.60	92.90	100.00	1296.94	3220.68	23	152.00	297.00	1896.00	22651	5.73	14.22	0.10	0.67	1.31	8.37	100.01
DTX-incomp-chim_CS10-L-B23-Map1_reversed	21650	99260	66	1	56	1	77.85	11.30	54.00	70.60	77.85	84.59	100.00	1772.95	3023.67	24	257.00	1002.50	2425.00	21650	8.19	13.97	0.11	1.19	4.63	11.20	100.00
DTX-incomp-chim_CS10-L-B26-Map1	19906	95738	79	1	71	1	83.22	10.15	60.40	74.40	84.00	90.20	100.00	1349.10	2875.89	21	50.00	251.00	1300.00	19906	6.78	14.45	0.11	0.25	1.26	6.53	100.00
DTX-incomp-chim_CS10-L-B27-Map1	19826	63439	89	1	86	1	77.65	10.49	57.10	69.80	74.11	84.60	100.00	737.66	2213.61	32	115.00	267.00	450.00	19826	3.72	11.17	0.16	0.58	1.35	2.27	100.00
DTX-incomp-chim_CS10-L-B28-Map1_reversed	16520	34855	29	1	27	1	78.59	11.18	56.40	70.30	77.60	83.60	100.00	1290.93	3249.27	49	100.00	218.00	738.00	16520	7.81	19.67	0.30	0.61	1.32	4.47	100.00
DTX-incomp-chim_CS10-L-B29-Map1	14160	42386	58	1	45	1	76.20	9.66	61.60	69.10	72.89	84.10	100.00	942.93	2088.33	21	179.00	528.00	1166.00	14160	6.66	14.75	0.15	1.26	3.73	8.23	100.00
DTX-incomp-chim_CS10-L-B33-Map1_reversed	13005	25918	63	1	51	1	84.07	7.65	70.10	77.70	84.80	90.35	100.00	509.71	1792.82	21	82.00	260.00	406.00	13005	3.92	13.79	0.16	0.63	2.00	3.12	100.00
DTX-incomp-chim_CS10-L-B41-Map1_reversed	9693	46972	47	1	39	1	85.04	13.20	63.90	73.10	89.80	98.80	100.00	1204.44	1625.87	29	113.00	1139.00	1835.00	9693	12.43	16.77	0.30	1.17	11.75	18.93	100.00
DTX-incomp-chim_CS10-L-B51-Map1	7569	46206	66	1	50	1	90.40	8.88	60.00	88.80	93.06	95.60	100.00	929.22	1420.27	31	168.00	424.00	947.00	7568	12.28	18.76	0.41	2.22	5.60	12.51	99.99
DTX-incomp-chim_CS10-L-B70-Map1	7327	21511	20	1	16	1	89.00	11.82	60.40	87.20	94.80	97.20	100.00	1344.44	1765.73	140	223.00	804.50	1937.00	7327	18.35	24.10	1.91	3.04	10.98	26.44	100.00
DTX-incomp-chim_CS10-L-B83-Map1	6597	16968	31	1	29	1	80.99	10.49	61.10	73.30	81.00	90.80	100.00	585.34	1308.01	25	92.00	134.00	296.00	6597	8.87	19.83	0.38	1.39	2.03	4.49	100.00
DTX-incomp_CS10-B-G184-Map6	18599	178656	61	2	58	3	83.56	12.75	57.90	73.60	84.85	95.50	100.00	3080.50	5279.77	22	67.00	229.50	3242.00	18596	16.56	28.39	0.12	0.36	1.23	17.43	99.98
DTX-incomp_CS10-B-G38-Map3_reversed	1811	4362	6	1	5	1	83.15	6.98	74.20	79.70	82.45	86.80	92.60	872.40	786.36	107	118.00	795.00	1535.00	1807	48.17	43.42	5.91	6.52	43.90	84.76	99.78
DTX-incomp_CS10-B-G53-Map9_reversed	2127	13914	24	1	18	2	90.88	9.24	65.20	90.40	94.85	96.20	98.60	775.56	676.95	31	285.00	547.50	1096.00	2124	36.46	31.83	1.46	13.40	25.74	51.53	99.86
DTX-incomp_CS10-B-G59-Map20	2133	5389	8	1	8	1	93.25	6.46	81.00	88.90	96.40	98.00	99.10	673.62	662.16	86	217.00	562.50	966.00	2103	31.58	31.04	4.03	10.17	26.37	45.29	98.59
DTX-incomp_CS10-B-G64-Map16	1874	9664	8	4	8	4	92.19	8.83	75.60	88.80	94.50	99.50	99.70	1208.00	876.16	101	245.00	1810.50	1862.00	1864	64.46	46.75	5.39	13.07	96.61	99.36	99.47
DTX-incomp_CS10-B-P38.14-Map4	2108	17737	20	5	17	6	92.46	6.20	72.60	92.04	94.20	95.70	98.30	1043.35	909.70	62	173.00	541.00	2106.00	2108	49.49	43.15	2.94	8.21	25.66	99.91	100.00
DTX-incomp_CS10-B-P47.7-Map3_reversed	680	680	1	1	1	1	91.00	0.00	91.00	91.00	91.00	91.00	91.00	680.00	0.00	680	680.00	680.00	680.00	680	100.00	0.00	100.00	100.00	100.00	100.00	100.00
DTX-incomp_CS10-B-R113-Map3	1355	8428	9	5	9	5	76.47	6.96	69.50	73.50	74.80	79.00	92.70	936.44	517.89	138	481.00	1351.00	1353.00	1353	69.11	38.22	10.18	35.50	99.70	99.85	99.85
DTX-incomp_CS10-B-R130-Map4_reversed	6967	35874	64	2	60	2	85.87	8.71	67.30	78.50	86.90	93.50	100.00	597.90	1501.22	25	111.00	159.50	305.00	6966	8.58	21.55	0.36	1.59	2.29	4.38	99.99
DTX-incomp_CS10-B-R131-Map3_reversed	2412	5692	6	2	5	2	98.57	1.81	95.64	98.00	99.40	99.80	100.00	1138.60	1196.23	58	58.00	754.00	2410.00	2413	47.21	49.59	2.40	2.40	31.26	99.92	100.04
DTX-incomp_CS10-B-R174-Map4_reversed	1887	6268	11	2	10	2	85.53	5.00	80.30	81.33	84.10	89.70	94.10	626.80	660.10	26	278.00	417.50	554.00	1852	33.22	34.98	1.38	14.73	22.13	29.36	98.15
DTX-incomp_CS10-B-R237-Map6	1824	4916	7	1	6	2	87.57	10.61	71.00	79.23	89.90	97.70	97.70	819.33	795.25	47	175.00	533.50	1807.00	1820	44.92	43.60	2.58	9.59	29.25	99.07	99.78
DTX-incomp_CS10-B-R254-Map3	814	891	3	1	3	1	91.23	2.83	89.50	89.50	89.70	94.50	94.50	297.00	447.74	38	38.00	39.00	814.00	814	36.49	55.00	4.67	4.67	4.79	100.00	100.00
DTX-incomp_CS10-B-R76-Map3	931	1253	4	1	4	1	90.28	5.08	82.90	91.10	92.00	94.20	94.20	313.25	415.98	43	117.00	138.50	933.00	933	33.65	44.68	4.62	12.57	14.88	100.21	100.21
DTX-incomp_CS10-B-R82-Map15	2101	31183	56	1	47	2	88.83	7.03	68.86	84.70	91.40	94.10	96.80	663.47	630.25	25	177.00	387.00	947.00	2315	31.58	30.00	1.19	8.42	18.42	45.07	110.19
DTX-incomp_CS10-B-R92-Map6	5296	37222	32	2	27	2	78.94	11.66	62.10	68.00	77.40	87.40	99.80	1378.59	1626.22	55	212.00	481.00	2833.00	5296	26.03	30.71	1.04	4.00	9.08	53.49	100.00
DTX-incomp_CS10-B-R94-Map5_reversed	6561	107144	90	2	76	2	71.90	9.15	55.60	65.80	70.00	76.00	99.30	1409.79	1690.47	22	103.00	706.00	2565.00	6813	21.49	25.77	0.34	1.57	10.76	39.09	103.84
DTX-incomp_CS10-L-B121-Map1	3740	20106	47	1	42	1	83.94	8.30	66.00	77.60	83.40	91.40	100.00	479.02	756.95	24	96.00	213.00	401.00	3740	12.81	20.24	0.64	2.57	5.70	10.72	100.00
DTX-incomp_CS10-L-B39-Map1	10679	47947	81	1	63	1	86.88	9.72	62.10	81.10	88.50	93.90	100.00	761.89	1520.52	24	109.00	154.00	957.00	10679	7.13	14.24	0.22	1.02	1.44	8.96	100.00
DTX-incomp_CS10-L-B44-Map1_reversed	9085	14802	23	1	22	1	85.27	10.97	59.70	76.80	88.33	94.00	100.00	672.82	1889.17	22	109.00	261.00	389.00	9085	7.41	20.79	0.24	1.20	2.87	4.28	100.00
DTX-incomp_CS10_RS_59	1355	20805	39	8	29	8	75.79	8.82	55.80	69.55	74.10	81.80	90.00	717.41	487.84	21	297.00	644.00	1344.00	1355	52.95	36.00	1.55	21.92	47.53	99.19	100.00
DXX-MITE-chim_CS10_RS_99_reversed	289	3140	19	3	19	3	87.62	6.46	75.20	81.80	87.80	93.40	97.90	165.26	86.16	28	98.00	170.00	237.00	289	57.18	29.81	9.69	33.91	58.82	82.01	100.00
DXX-MITE-chim_Ptr_1CBFP_RS_218	241	235	1	1	1	1	78.30	0.00	78.30	78.30	78.30	78.30	78.30	235.00	0.00	235	235.00	235.00	235.00	235	97.51	0.00	97.51	97.51	97.51	97.51	97.51
DXX-MITE_CS10-B-G218-Map6	435	1298	4	2	4	2	95.05	4.09	89.10	96.00	96.35	98.40	98.40	324.50	196.57	30	409.00	419.00	430.00	430	74.60	45.19	6.90	94.02	96.32	98.85	98.85
DXX-MITE_CS10-B-G223-Map7	431	2778	8	4	8	4	97.67	6.18	82.40	99.50	100.00	100.00	100.00	347.25	117.10	98	338.00	402.00	428.00	428	80.57	27.17	22.74	78.42	93.27	99.30	99.30
DXX-MITE_CS10_RS_113	199	1826	11	7	10	8	84.40	2.41	79.69	82.80	84.95	86.50	87.00	182.60	47.04	50	190.00	198.00	200.00	207	91.76	23.64	25.13	95.48	99.50	100.50	104.02
DXX-MITE_CS10_RS_127	167	3550	25	17	24	17	92.31	4.77	75.20	92.20	93.80	95.20	96.40	147.92	40.68	28	150.00	167.00	168.00	172	88.57	24.36	16.77	89.82	100.00	100.60	102.99
DXX-MITE_CS10_RS_128	164	2662	20	10	20	10	86.50	7.65	72.70	79.50	89.40	92.90	97.60	133.10	33.08	84	98.00	143.50	163.00	170	81.16	20.17	51.22	59.76	87.50	99.39	103.66
DXX-MITE_CS10_RS_129	160	1229	8	6	8	6	90.29	6.74	79.80	90.10	91.60	96.20	96.30	153.62	12.85	128	156.00	159.00	161.00	166	96.02	8.03	80.00	97.50	99.38	100.62	103.75
DXX-MITE_Ptr_1CBFP_RS_243	197	1558	11	2	11	2	79.59	5.26	72.30	76.50	78.90	81.80	89.60	141.64	55.71	47	90.00	173.00	185.00	194	71.90	28.28	23.86	45.69	87.82	93.91	98.48
PotentialHostGene_CS10-B-G101-Map5	3142	6283	8	1	8	1	95.44	7.33	78.20	96.00	98.85	99.30	100.00	785.38	1074.04	29	127.00	233.50	1231.00	3139	25.00	34.18	0.92	4.04	7.43	39.18	99.90
PotentialHostGene_CS10-B-G242-Map4	526	1024	4	1	4	1	84.45	14.40	67.80	77.10	86.15	97.70	97.70	256.00	195.23	83	147.00	208.00	525.00	525	48.67	37.12	15.78	27.95	39.54	99.81	99.81
PotentialHostGene_CS10-B-R51-Map3	3777	11301	7	2	6	2	86.10	11.58	70.90	76.90	85.44	98.80	99.10	1883.50	1852.89	59	91.00	1795.00	3780.00	3781	49.87	49.06	1.56	2.41	47.52	100.08	100.11
PotentialHostGene_CS10-B-R86-Map3	5391	16924	7	2	6	2	85.11	11.57	69.20	74.90	87.17	95.20	97.00	2820.67	2704.17	60	120.00	2968.50	5400.00	5407	52.32	50.16	1.11	2.23	55.06	100.17	100.30
PotentialHostGene_CS10-L-B36-Map1	11369	26599	58	1	51	1	78.65	9.90	57.50	73.00	78.20	85.86	100.00	521.55	1560.26	21	189.00	246.00	479.00	11369	4.59	13.72	0.18	1.66	2.16	4.21	100.00
PotentialHostGene_CS10_RS_22	5814	40378	12	5	12	5	86.67	15.15	54.80	83.00	93.40	99.50	99.80	3364.83	2576.51	47	432.00	4225.50	5799.00	5804	57.87	44.32	0.81	7.43	72.68	99.74	99.83
PotentialHostGene_CS10_RS_76	539	3064	10	4	10	4	85.66	7.16	78.00	79.10	85.10	91.60	96.30	306.40	222.17	91	98.00	269.50	537.00	539	56.85	41.22	16.88	18.18	50.00	99.63	100.00
PotentialHostGene_Ptr_1CBFP_RS_56	2196	20399	34	1	33	1	73.77	6.10	61.30	69.20	73.40	77.80	89.00	618.15	590.51	27	207.00	512.00	592.00	2202	28.15	26.89	1.23	9.43	23.32	26.96	100.27
RIX-comp-chim_CS10-B-G141-Map3_reversed	6346	31331	14	2	14	2	94.58	9.95	68.10	95.80	99.10	99.60	99.90	2237.93	2496.91	31	162.00	1054.00	4466.00	6343	35.27	39.35	0.49	2.55	16.61	70.38	99.95
RIX-comp-chim_CS10-B-G150-Map3	12084	40333	21	1	16	1	91.80	10.46	68.10	89.76	95.90	99.60	100.00	2527.06	3473.56	32	229.00	953.50	5582.00	12367	20.91	28.75	0.26	1.90	7.89	46.19	102.34
RIX-comp-chim_CS10-L-B35-Map1_reversed	12164	35697	16	1	15	1	88.43	9.12	72.20	78.10	88.80	98.20	99.80	2379.80	3347.27	70	154.00	891.00	3690.00	12207	19.56	27.52	0.58	1.27	7.32	30.34	100.35
RIX-comp-chim_CS10-L-B40-Map1	10442	22375	9	1	8	1	87.81	10.83	77.00	77.55	85.30	100.00	100.00	2796.88	3584.18	204	460.00	966.00	5017.00	10450	26.78	34.32	1.95	4.41	9.25	48.05	100.08
RIX-comp_CS10-B-G182-Map4	11998	86859	19	4	17	4	93.00	8.03	70.90	89.10	94.60	98.33	99.90	5109.35	4986.14	29	348.00	5991.00	10265.00	11997	42.59	41.56	0.24	2.90	49.93	85.56	99.99
RIX-comp_CS10-B-R13-Map20	5822	35659	16	3	14	4	93.14	8.40	68.10	89.90	96.60	98.40	99.70	2547.07	2511.01	32	148.00	1784.50	5774.00	5786	43.75	43.13	0.55	2.54	30.65	99.18	99.38
RIX-comp_CS10-B-R206-Map3_reversed	7148	30038	36	2	33	2	78.85	7.94	59.60	73.60	77.60	83.10	96.90	910.24	1902.17	28	189.00	323.00	478.00	7147	12.73	26.61	0.39	2.64	4.52	6.69	99.99
RIX-comp_CS10-B-R90-Map13	6081	43381	10	6	10	6	96.71	3.56	87.70	95.80	97.15	99.40	99.50	4338.10	2280.21	668	1939.00	6060.50	6070.00	6078	71.34	37.50	10.99	31.89	99.66	99.82	99.95
RIX-incomp_CS10-B-G152-Map18	6001	13255	9	1	9	1	92.26	6.60	80.00	91.70	93.90	95.30	99.30	1472.78	1986.71	49	113.00	254.00	1848.00	5856	24.54	33.11	0.82	1.88	4.23	30.79	97.58
RIX-incomp_CS10-B-G78-Map3_reversed	2178	2186	1	1	1	1	99.50	0.00	99.50	99.50	99.50	99.50	99.50	2186.00	0.00	2186	2186.00	2186.00	2186.00	2186	100.37	0.00	100.37	100.37	100.37	100.37	100.37
RIX-incomp_CS10-B-R59-Map20	16441	57719	48	2	40	2	89.06	9.25	71.43	83.00	92.19	96.70	100.00	1443.60	3700.05	27	58.00	174.50	824.00	16434	8.78	22.51	0.16	0.35	1.06	5.01	99.96
RIX-incomp_CS10-L-B30-Map1	13820	24701	17	1	16	1	93.54	10.74	65.30	96.50	98.05	99.10	100.00	1545.75	3341.15	23	80.00	675.50	1495.00	13820	11.18	24.18	0.17	0.58	4.89	10.82	100.00
RLX-comp-chim_CS10-L-B109-Map1_reversed	5756	18482	12	3	12	3	87.14	8.23	71.70	83.40	85.35	95.40	100.00	1540.17	2544.14	22	79.00	220.50	5756.00	5759	26.76	44.20	0.38	1.37	3.83	100.00	100.05
RLX-comp-chim_CS10-L-B15-Map2	6311	9648	8	1	7	1	88.21	9.36	77.37	78.60	90.00	99.30	99.60	1378.29	2321.09	52	100.00	288.00	2356.00	6311	21.84	36.78	0.82	1.58	4.56	37.33	100.00
RLX-comp-chim_CS10-L-B34-Map1	12659	28409	11	1	9	1	84.59	13.70	60.50	83.20	88.68	91.40	100.00	3157.56	4399.78	21	206.00	554.00	6211.00	12659	24.94	34.76	0.17	1.63	4.38	49.06	100.00
RLX-comp_CS10-B-G128-Map20	7343	31883	13	4	13	4	95.75	6.25	79.10	91.50	99.50	99.70	100.00	2461.31	3373.08	53	114.00	471.00	7280.00	7337	33.52	45.94	0.72	1.55	6.41	99.14	99.92
RLX-comp_CS10-B-G169-Map6_reversed	7467	21893	6	2	6	2	96.57	1.46	95.30	95.30	96.15	97.40	99.10	3689.00	3242.71	241	241.00	3360.50	7465.00	7466	49.40	43.43	3.23	3.23	45.00	99.97	99.99
RLX-comp_CS10-B-P25.24-Map9	6972	29288	27	1	22	1	89.94	11.84	69.10	78.30	98.70	99.80	99.80	1331.27	1628.81	79	113.00	886.00	2180.00	6954	19.09	23.36	1.13	1.62	12.71	31.27	99.74
RLX-comp_CS10-B-P4.2-Map13	6461	6743	6	1	6	1	95.95	4.69	90.50	90.50	97.35	100.00	100.00	1145.50	2601.41	35	59.00	97.00	130.00	6455	17.73	40.26	0.54	0.91	1.50	2.01	99.91
RLX-comp_CS10-B-P8.2-Map5	7330	16978	17	2	17	2	94.65	5.28	79.70	92.40	95.00	99.10	100.00	1438.18	2656.04	40	114.00	342.00	478.00	7317	19.62	36.24	0.55	1.56	4.67	6.52	99.82
RLX-comp_CS10-B-R159-Map5_reversed	7414	8608	5	1	3	1	80.65	17.33	63.65	63.65	80.00	98.30	98.30	2869.33	3960.96	117	117.00	1082.00	7409.00	7409	38.70	53.43	1.58	1.58	14.59	99.93	99.93
RLX-comp_CS10-B-R4-Map20_reversed	7432	11201	10	1	10	1	94.21	7.77	73.60	91.50	97.40	98.60	98.90	1131.50	2211.12	114	137.00	403.00	1055.00	7340	15.22	29.75	1.53	1.84	5.42	14.20	98.76
RLX-comp_CS10-L-B103-Map1	6125	6128	1	1	1	1	100.00	0.00	100.00	100.00	100.00	100.00	100.00	6128.00	0.00	6128	6128.00	6128.00	6128.00	6128	100.05	0.00	100.05	100.05	100.05	100.05	100.05
RLX-comp_CS10-L-B106-Map1	5766	16554	9	2	9	2	84.78	11.52	67.70	77.50	90.50	92.60	100.00	1839.33	2354.84	22	234.00	907.00	2539.00	5766	31.90	40.84	0.38	4.06	15.73	44.03	100.00
RLX-comp_CS10-L-B37-Map1_reversed	11017	17784	46	1	37	1	81.99	8.72	64.40	75.20	82.50	89.10	100.00	480.81	1792.95	21	55.00	117.00	214.00	11017	4.36	16.27	0.19	0.50	1.06	1.94	100.00
RLX-comp_CS10-L-B84-Map1	6457	30280	36	1	31	1	78.59	7.85	64.30	73.20	77.50	83.50	100.00	976.77	1590.77	31	71.00	371.00	962.00	6457	15.13	24.64	0.48	1.10	5.75	14.90	100.00
RLX-comp_CS10-L-B92-Map1_reversed	6324	8732	11	1	9	1	84.38	9.32	67.40	81.28	82.60	89.50	100.00	971.11	2032.67	48	114.00	217.00	489.00	6324	15.36	32.14	0.76	1.80	3.43	7.73	100.00
RLX-incomp-chim_CS10-B-G165-Map3_reversed	12148	13363	10	1	10	1	95.40	7.36	77.00	96.30	97.80	100.00	100.00	1336.30	3818.86	34	57.00	113.50	220.00	12202	11.00	31.44	0.28	0.47	0.93	1.81	100.44
RLX-incomp-chim_CS10-B-G180-Map9_reversed	13215	172654	42	2	35	3	96.06	7.80	68.81	97.10	99.20	99.80	100.00	4935.49	3671.39	64	544.00	6218.00	6441.00	13160	37.35	27.78	0.48	4.12	47.05	48.74	99.58
RLX-incomp-chim_CS10-B-G9-Map20	13135	44322	39	0	35	1	87.24	9.27	67.20	78.80	87.28	93.80	100.00	1282.86	2748.27	33	85.00	297.00	779.00	13115	9.77	20.92	0.25	0.65	2.26	5.93	99.85
RLX-incomp-chim_CS10-B-P24.2-Map19	6644	14304	14	2	14	2	98.26	3.32	88.20	98.50	99.85	100.00	100.00	1055.21	2324.30	22	59.00	97.00	300.00	6660	15.88	34.98	0.33	0.89	1.46	4.52	100.24
RLX-incomp-chim_CS10-L-B11-Map4	5513	22560	9	4	8	4	85.96	16.50	63.90	68.40	93.70	100.00	100.00	2820.00	2871.42	72	167.00	2847.00	5510.00	5512	51.15	52.08	1.31	3.03	51.64	99.95	99.98
RLX-incomp-chim_CS10-L-B22-Map1_reversed	22528	115936	97	1	68	1	84.15	6.95	64.40	79.30	84.35	90.10	100.00	1708.07	3351.67	20	171.00	429.00	1843.00	22528	7.58	14.88	0.09	0.76	1.90	8.18	100.00
RLX-incomp-chim_CS10-L-B24-Map1	21126	318104	109	1	64	1	80.39	7.10	55.10	76.50	80.95	84.60	100.00	4974.94	4765.56	25	998.00	3953.00	7337.00	21126	23.55	22.56	0.12	4.72	18.71	34.73	100.00
RLX-incomp-chim_CS10-L-B32-Map1_reversed	13677	15752	25	1	25	1	89.12	9.56	64.00	85.00	90.90	96.30	100.00	630.08	2720.69	26	31.00	42.00	73.00	13677	4.61	19.89	0.19	0.23	0.31	0.53	100.00
RLX-incomp-chim_CS10-L-B82-Map1	6842	42746	49	1	39	1	95.08	8.06	73.50	90.84	99.50	100.00	100.00	1128.87	1579.32	31	199.00	390.00	1357.00	6842	16.50	23.08	0.45	2.91	5.70	19.83	100.00
RLX-incomp_CS10-B-G144-Map6_reversed	5504	18860	10	4	9	4	87.03	15.72	64.00	68.40	95.10	100.00	100.00	2706.67	2689.08	104	194.00	1607.00	5500.00	5502	49.18	48.86	1.89	3.52	29.20	99.93	99.96
RLX-incomp_CS10-B-G178-Map10_reversed	12710	106965	41	1	35	1	95.43	6.97	74.20	93.90	98.70	100.00	100.00	3086.83	3349.32	21	281.00	315.00	6215.00	12771	24.29	26.35	0.17	2.21	2.48	48.90	100.48
RLX-incomp_CS10-B-G18-Map8	12426	143669	46	1	34	2	91.37	9.05	68.57	86.90	95.89	97.50	100.00	4225.56	3432.52	44	1361.00	4735.50	6213.00	12416	34.01	27.62	0.35	10.95	38.11	50.00	99.92
RLX-incomp_CS10-B-P16.30-Map3	493	1816	5	2	5	2	84.68	9.47	73.90	78.00	82.50	94.30	94.70	363.20	163.64	139	239.00	454.00	491.00	493	73.67	33.19	28.19	48.48	92.09	99.59	100.00
RLX-incomp_CS10-B-P52.3-Map3	6216	25015	25	1	21	1	88.63	4.38	73.47	87.20	88.80	91.40	95.70	1191.19	1749.56	41	310.00	509.00	1133.00	6215	19.16	28.15	0.66	4.99	8.19	18.23	99.98
RLX-incomp_CS10-B-R147-Map3	1053	2032	10	1	10	1	89.33	3.52	85.20	85.80	88.55	92.90	94.00	203.20	300.59	35	127.00	127.00	127.00	1053	19.30	28.55	3.32	12.06	12.06	12.06	100.00
RLX-incomp_CS10-B-R28-Map20	7388	9350	10	1	10	1	92.68	8.16	76.70	91.50	94.80	99.10	100.00	955.80	2267.31	37	94.00	163.00	494.00	7386	12.94	30.69	0.50	1.27	2.21	6.69	99.97
RLX-incomp_CS10-B-R47-Map4	503	1026	3	2	3	2	91.13	12.09	77.20	77.20	97.40	98.80	98.80	342.00	277.99	21	21.00	502.00	503.00	503	67.99	55.27	4.17	4.17	99.80	100.00	100.00
RLX-incomp_CS10-L-B110-Map1	5730	22942	24	1	19	1	86.47	7.70	65.87	80.40	86.30	91.40	100.00	1209.11	1714.33	37	180.00	458.00	1753.00	5730	21.10	29.92	0.65	3.14	7.99	30.59	100.00
RLX-incomp_CS10-L-B114-Map1_reversed	5169	8415	6	1	6	1	85.50	11.87	73.50	74.70	82.40	100.00	100.00	1402.50	2099.54	54	66.00	245.00	2636.00	5169	27.13	40.62	1.04	1.28	4.74	51.00	100.00
RLX-incomp_CS10-L-B125-Map1_reversed	2792	3505	4	1	3	1	93.45	6.90	86.25	86.25	94.10	100.00	100.00	1168.33	1433.06	80	80.00	633.00	2792.00	2792	41.85	51.33	2.87	2.87	22.67	100.00	100.00
RLX-incomp_CS10-L-B45-Map1_reversed	8971	24844	19	1	17	1	91.96	9.91	69.40	89.41	95.40	99.50	100.00	1462.35	2558.76	27	115.00	477.00	1482.00	8971	16.30	28.52	0.30	1.28	5.32	16.52	100.00
RLX-incomp_CS10-L-B46-Map1	8804	113152	51	2	41	4	85.94	5.15	76.10	83.40	87.00	89.20	100.00	2759.80	2736.09	52	394.00	1812.00	3880.00	8809	31.35	31.08	0.59	4.48	20.58	44.07	100.06
RLX-incomp_CS10-L-B54-Map1_reversed	7463	8272	8	1	7	1	85.73	8.23	77.43	78.10	87.90	89.40	100.00	1185.43	2769.44	26	26.00	177.00	235.00	7463	15.88	37.11	0.35	0.35	2.37	3.15	100.00
RLX-incomp_CS10-L-B69-Map1	7327	10122	9	1	8	1	90.47	6.99	79.10	89.66	91.75	97.30	100.00	1363.25	2426.92	114	338.00	641.50	880.00	7327	18.61	33.12	1.56	4.61	8.76	12.01	100.00
RLX-incomp_CS10_RS_34_reversed	2853	20599	36	1	33	1	88.55	6.30	65.70	86.50	91.10	92.30	94.20	624.21	705.64	29	170.00	375.00	780.00	2851	21.88	24.73	1.02	5.96	13.14	27.34	99.93
RLX-incomp_CS10_RS_88_reversed	422	2104	7	3	7	3	91.77	10.75	67.50	94.50	95.70	96.50	97.50	300.57	160.07	76	79.00	383.00	423.00	432	71.23	37.93	18.01	18.72	90.76	100.24	102.37
RLX-incomp_Ptr_1CBFP_RS_23	5342	15573	11	0	7	1	74.79	3.01	69.77	72.70	74.70	76.53	79.10	2224.71	1690.52	278	337.00	2443.00	2492.00	5325	41.65	31.65	5.20	6.31	45.73	46.65	99.68
RPX-incomp-chim_CS10-B-G167-Map11_reversed	8021	146538	49	7	37	8	92.73	8.31	68.56	92.10	96.30	98.80	99.50	3961.05	3422.63	21	422.00	4985.00	7583.00	7891	49.38	42.67	0.26	5.26	62.15	94.54	98.38
RXX-LARD_CS10-B-G185-Map5	19026	21204	5	1	5	1	96.88	2.58	95.00	95.00	95.00	99.50	99.90	4281.20	8283.82	101	101.00	101.00	2083.00	19020	22.50	43.54	0.53	0.53	0.53	10.95	99.97
RXX-LARD_CS10-L-B111-Map1	5547	38763	10	5	10	5	87.40	14.73	64.10	70.10	94.00	99.50	100.00	3876.30	2473.99	57	432.00	5358.00	5547.00	5581	69.88	44.60	1.03	7.79	96.59	100.00	100.61
RXX-LARD_CS10-L-B127-Map1	2451	16924	77	1	67	1	86.03	7.64	69.69	80.70	85.66	91.20	100.00	253.00	297.58	21	149.00	209.00	299.00	2451	10.32	12.14	0.86	6.08	8.53	12.20	100.00
RXX-LARD_CS10-L-B128-Map1	2441	3510	7	1	7	1	92.07	6.75	83.90	85.20	91.70	99.20	100.00	501.43	866.04	21	66.00	157.00	417.00	2441	20.54	35.48	0.86	2.70	6.43	17.08	100.00
RXX-LARD_CS10-L-B49-Map1	8193	45056	15	3	13	3	73.02	11.82	60.50	65.80	69.40	76.70	100.00	3465.85	3604.30	27	74.00	1454.00	7213.00	8193	42.30	43.99	0.33	0.90	17.75	88.04	100.00
RXX-LARD_CS10-L-B9-Map4	23986	63038	6	2	6	2	97.18	2.74	94.10	95.00	97.20	99.80	99.80	10540.00	11897.96	101	101.00	7560.50	23364.00	24553	43.94	49.60	0.42	0.42	31.52	97.41	102.36
RXX_CS10_RS_27	4955	8922	7	1	7	1	88.19	5.28	78.50	85.00	90.70	92.60	92.80	1274.57	1893.86	190	190.00	252.00	2870.00	4940	25.72	38.22	3.83	3.83	5.09	57.92	99.70
RYX-incomp-chim_CS10-B-G137-Map5_reversed	7267	16314	15	1	13	1	92.18	7.65	75.30	85.70	93.50	98.90	99.60	1254.92	2395.21	25	180.00	296.00	380.00	7016	17.27	32.96	0.34	2.48	4.07	5.23	96.55
RYX-incomp-chim_CS10-B-G164-Map6_reversed	12657	106085	29	0	26	1	98.01	4.00	82.90	98.50	99.20	99.80	100.00	4085.19	3420.93	64	315.00	6209.00	6394.00	12182	32.28	27.03	0.51	2.49	49.06	50.52	96.25
RYX-incomp-chim_CS10-B-G168-Map4_reversed	8084	8677	3	1	3	1	86.13	9.05	77.20	77.20	85.90	95.30	95.30	2892.33	4613.50	21	21.00	442.00	8214.00	8214	35.78	57.07	0.26	0.26	5.47	101.61	101.61
RYX-incomp-chim_CS10-B-G176-Map3_reversed	11731	25044	33	0	28	1	87.40	8.85	63.40	81.70	88.60	94.10	99.70	896.11	2386.58	28	39.00	66.00	323.00	11259	7.64	20.34	0.24	0.33	0.56	2.75	95.98
XXX-chim_CS10-L-B25-Map1_reversed	20930	157997	154	1	109	1	87.56	10.12	60.70	80.16	87.38	97.50	100.00	1471.27	2873.93	21	194.00	477.00	1483.00	20930	7.03	13.73	0.10	0.93	2.28	7.09	100.00
XXX-chim_CS10-L-B31-Map1_reversed	13679	16071	15	1	15	1	81.84	9.89	67.10	71.50	83.10	88.80	100.00	1071.40	3496.01	22	28.00	61.00	308.00	13679	7.83	25.56	0.16	0.20	0.45	2.25	100.00
