TE	length	covg	frags	fullLgthFrags	copies	fullLgthCopies	meanId	sdId	minId	q25Id	medId	q75Id	maxId	meanLgth	sdLgth	minLgth	q25Lgth	medLgth	q75Lgth	maxLgth	meanLgthPerc	sdLgthPerc	minLgthPerc	q25LgthPerc	medLgthPerc	q75LgthPerc	maxLgthPerc
DHX-incomp_CS10-B-G138-Map19_reversed	6578	13689	16	1	14	1	80.66	7.49	70.90	76.00	79.85	83.30	99.70	978.21	2065.79	47	65.00	85.00	325.00	6321	14.87	31.40	0.71	0.99	1.29	4.94	96.09
DHX-incomp_CS10-B-G139-Map20	6718	21887	37	1	35	1	83.18	8.35	71.70	77.40	81.20	90.60	100.00	625.51	1624.09	21	64.00	92.00	130.00	6673	9.31	24.18	0.31	0.95	1.37	1.94	99.33
DHX-incomp_CS10-B-G140-Map5_reversed	5735	6373	18	0	16	0	76.87	8.43	60.00	72.50	74.90	83.60	97.40	398.31	634.68	39	111.00	142.50	559.00	2582	6.95	11.07	0.68	1.94	2.48	9.75	45.02
DHX-incomp_CS10-B-G145-Map3_reversed	6579	740	5	0	5	0	95.24	8.82	79.50	98.60	98.60	99.50	100.00	148.00	134.94	21	64.00	66.00	294.00	295	2.25	2.05	0.32	0.97	1.00	4.47	4.48
DHX-incomp_CS10-B-G22-Map20_reversed	7636	706	6	0	6	0	81.03	9.96	73.30	74.50	77.40	83.60	100.00	117.67	39.89	63	73.00	133.50	142.00	161	1.54	0.52	0.83	0.96	1.75	1.86	2.11
DHX-incomp_CS10-L-B47-Map1	8633	11045	6	1	6	1	87.53	10.39	74.60	76.00	90.05	94.60	99.90	1840.83	3344.76	213	219.00	572.50	824.00	8644	21.32	38.74	2.47	2.54	6.63	9.54	100.13
DHX-incomp_CS10_RS_12	7347	12447	33	0	32	0	78.48	6.78	66.50	75.20	78.20	81.40	98.60	388.97	884.04	41	101.00	118.50	202.00	3726	5.29	12.03	0.56	1.37	1.61	2.75	50.71
DHX-incomp_Ptr_1CBFP-B-R311-Map3_reversed	1246	700	6	0	6	0	75.73	2.88	71.10	74.90	75.40	78.60	79.00	116.67	53.41	72	88.00	94.00	135.00	217	9.36	4.29	5.78	7.06	7.54	10.83	17.42
DTX-comp_CS10-B-G109-Map8_reversed	3403	27241	10	8	10	8	97.79	2.91	90.90	96.30	98.95	100.00	100.00	2724.10	1407.34	44	3355.00	3394.50	3399.00	3402	80.05	41.36	1.29	98.59	99.75	99.88	99.97
DTX-comp_CS10-B-G114-Map4	3744	24833	15	4	12	4	83.94	7.92	67.17	81.57	85.35	92.20	92.30	2069.42	1614.93	21	493.00	2501.50	3684.00	3698	55.27	43.13	0.56	13.17	66.81	98.40	98.77
DTX-comp_CS10-B-G32-Map6_reversed	1868	6457	8	2	8	2	88.01	7.59	77.00	81.50	89.70	95.30	95.30	807.12	826.64	78	136.00	411.00	1860.00	1866	43.21	44.25	4.18	7.28	22.00	99.57	99.89
DTX-comp_CS10-B-G50-Map6	1879	6890	15	2	14	2	89.66	8.05	72.90	88.40	92.60	95.50	96.30	492.14	649.30	25	56.00	175.00	820.00	1861	26.19	34.56	1.33	2.98	9.31	43.64	99.04
DTX-comp_CS10-B-G66-Map11	1853	8764	8	4	8	4	87.39	11.99	62.90	82.80	89.40	99.30	99.60	1095.50	822.69	153	337.00	1271.50	1850.00	1852	59.12	44.40	8.26	18.19	68.62	99.84	99.95
DTX-comp_CS10-B-G67-Map7_reversed	1858	17694	17	9	17	9	92.71	7.75	80.30	85.10	96.60	100.00	100.00	1042.88	880.94	29	76.00	1790.00	1856.00	1858	56.13	47.41	1.56	4.09	96.34	99.89	100.00
DTX-comp_CS10-B-G74-Map20	1866	17337	12	9	11	9	97.29	5.12	82.13	97.60	98.60	99.80	99.80	1576.09	618.31	288	1848.00	1855.00	1855.00	1861	84.46	33.14	15.43	99.04	99.41	99.41	99.73
DTX-comp_CS10-B-G81-Map12	2134	4266	2	2	2	2	97.60	0.00	97.60	97.60	97.60	97.60	97.60	2133.00	0.00	2133	2133.00	2133.00	2133.00	2133	99.95	0.00	99.95	99.95	99.95	99.95	99.95
DTX-comp_CS10-B-G88-Map13	2683	18307	14	5	14	5	86.08	12.02	60.00	84.70	88.95	94.30	98.80	1307.64	1148.37	23	90.00	1158.00	2581.00	2666	48.74	42.80	0.86	3.35	43.16	96.20	99.37
DTX-comp_CS10-B-P10.35-Map6	1605	19371	14	11	13	12	95.13	10.08	64.70	98.70	99.20	99.30	99.40	1490.08	377.03	236	1588.00	1600.00	1601.00	1618	92.84	23.49	14.70	98.94	99.69	99.75	100.81
DTX-comp_CS10-B-P11.13-Map5	1864	8474	10	4	10	4	89.88	6.47	79.00	86.60	89.70	95.60	98.60	847.40	879.19	29	75.00	396.50	1858.00	1864	45.46	47.17	1.56	4.02	21.27	99.68	100.00
DTX-comp_CS10-B-P21.26-Map14	2122	3160	4	1	4	1	87.25	12.90	68.00	92.30	92.80	95.40	95.40	790.00	863.35	276	400.00	401.00	2082.00	2082	37.23	40.69	13.01	18.85	18.90	98.11	98.11
DTX-comp_CS10-B-P29.22-Map3_reversed	1852	13352	11	6	11	6	89.94	12.84	62.30	76.10	95.30	98.50	99.30	1213.82	769.90	100	383.00	1843.00	1847.00	1850	65.54	41.57	5.40	20.68	99.51	99.73	99.89
DTX-comp_CS10-B-P30.21-Map8_reversed	1496	13720	13	8	12	8	92.41	8.65	72.90	86.50	98.20	98.90	99.50	1143.33	565.88	21	900.00	1489.50	1492.00	1493	76.43	37.83	1.40	60.16	99.57	99.73	99.80
DTX-comp_CS10-B-P35.17-Map20	2162	35110	33	14	32	14	88.97	10.91	71.40	80.50	89.65	99.90	100.00	1107.09	963.10	26	181.00	956.50	2149.00	2160	51.21	44.55	1.20	8.37	44.24	99.40	99.91
DTX-comp_CS10-B-P54.1-Map3_reversed	1842	7386	5	4	5	4	99.90	0.22	99.50	100.00	100.00	100.00	100.00	1477.20	791.76	61	1812.00	1833.00	1839.00	1841	80.20	42.98	3.31	98.37	99.51	99.84	99.95
DTX-comp_CS10-B-R111-Map4	2788	8835	5	3	5	3	96.74	4.72	88.90	95.70	99.30	99.90	99.90	1767.00	1399.29	42	442.00	2782.00	2783.00	2786	63.38	50.19	1.51	15.85	99.78	99.82	99.93
DTX-comp_CS10-B-R118-Map10	1854	6474	9	3	8	3	90.17	9.99	74.80	87.30	92.10	99.10	99.50	809.25	867.51	51	137.00	333.00	1851.00	1851	43.65	46.79	2.75	7.39	17.96	99.84	99.84
DTX-comp_CS10-B-R176-Map4_reversed	2002	13434	13	3	13	3	91.33	5.97	79.20	89.10	93.90	95.80	97.70	1033.38	918.79	82	120.00	424.00	1996.00	2167	51.62	45.89	4.10	5.99	21.18	99.70	108.24
DTX-comp_CS10-B-R37-Map6	1840	9800	8	5	8	5	91.55	8.28	79.80	83.80	96.15	99.10	99.20	1225.00	833.63	97	345.00	1811.00	1838.00	1840	66.58	45.31	5.27	18.75	98.42	99.89	100.00
DTX-comp_CS10-B-R6-Map4_reversed	1859	4658	5	2	4	2	90.50	11.11	78.80	83.21	91.60	100.00	100.00	1164.50	837.94	167	776.00	1316.00	1859.00	1859	62.64	45.07	8.98	41.74	70.79	100.00	100.00
DTX-comp_CS10-B-R77-Map3	1847	4896	15	1	15	1	86.29	5.78	78.50	82.40	84.70	90.30	96.00	326.40	452.84	58	76.00	145.00	429.00	1840	17.67	24.52	3.14	4.11	7.85	23.23	99.62
DTX-comp_CS10_RS_00	14080	33165	40	1	38	1	77.30	8.03	61.78	71.50	76.90	84.00	100.00	872.76	2280.88	29	120.00	251.50	1010.00	14080	6.20	16.20	0.21	0.85	1.79	7.17	100.00
DTX-comp_CS10_RS_49	1849	9531	8	3	8	3	78.96	6.23	68.30	76.70	79.00	85.00	85.60	1191.38	822.95	119	275.00	1683.50	1839.00	1878	64.43	44.51	6.44	14.87	91.05	99.46	101.57
DTX-comp_Ptr_1CBFP-B-G36-Map7_reversed	2121	282	1	0	1	0	75.20	0.00	75.20	75.20	75.20	75.20	75.20	282.00	0.00	282	282.00	282.00	282.00	282	13.30	0.00	13.30	13.30	13.30	13.30	13.30
DTX-comp_Ptr_1CBFP-B-G40-Map9_reversed	1948	245	2	0	2	0	76.40	5.23	72.70	72.70	76.40	80.10	80.10	122.50	140.71	23	23.00	122.50	222.00	222	6.29	7.22	1.18	1.18	6.29	11.40	11.40
DTX-comp_Ptr_1CBFP-B-G55-Map12	2153	1362	2	0	2	0	71.25	0.35	71.00	71.00	71.25	71.50	71.50	681.00	591.14	263	263.00	681.00	1099.00	1099	31.63	27.46	12.22	12.22	31.63	51.05	51.05
DTX-comp_Ptr_1CBFP-B-G66-Map20_reversed	1890	2413	3	1	3	1	68.17	5.76	64.50	64.50	65.20	74.80	74.80	804.33	930.87	144	144.00	400.00	1869.00	1869	42.56	49.25	7.62	7.62	21.16	98.89	98.89
DTX-comp_Ptr_1CBFP-B-G84-Map3_reversed	2103	296	3	0	3	0	76.10	2.29	73.50	73.50	77.00	77.80	77.80	98.67	13.01	86	86.00	98.00	112.00	112	4.69	0.62	4.09	4.09	4.66	5.33	5.33
DTX-comp_Ptr_1CBFP-B-G89-Map6	2102	82	1	0	1	0	79.10	0.00	79.10	79.10	79.10	79.10	79.10	82.00	0.00	82	82.00	82.00	82.00	82	3.90	0.00	3.90	3.90	3.90	3.90	3.90
DTX-comp_Ptr_1CBFP-B-G90-Map7_reversed	2114	2498	3	1	3	1	72.40	2.63	69.40	69.40	73.50	74.30	74.30	832.67	1077.63	206	206.00	215.00	2077.00	2077	39.39	50.98	9.74	9.74	10.17	98.25	98.25
DTX-comp_Ptr_1CBFP-B-G94-Map14	2123	93	1	0	1	0	80.20	0.00	80.20	80.20	80.20	80.20	80.20	93.00	0.00	93	93.00	93.00	93.00	93	4.38	0.00	4.38	4.38	4.38	4.38	4.38
DTX-comp_Ptr_1CBFP-B-P22.40-Map20_reversed	3147	140	1	0	1	0	75.80	0.00	75.80	75.80	75.80	75.80	75.80	140.00	0.00	140	140.00	140.00	140.00	140	4.45	0.00	4.45	4.45	4.45	4.45	4.45
DTX-comp_Ptr_1CBFP-B-P34.3-Map13_reversed	2124	2384	2	1	2	1	69.40	1.13	68.60	68.60	69.40	70.20	70.20	1192.00	1227.54	324	324.00	1192.00	2060.00	2060	56.12	57.79	15.25	15.25	56.12	96.99	96.99
DTX-comp_Ptr_1CBFP-B-P4.6-Map20_reversed	1899	175	1	0	1	0	63.30	0.00	63.30	63.30	63.30	63.30	63.30	175.00	0.00	175	175.00	175.00	175.00	175	9.22	0.00	9.22	9.22	9.22	9.22	9.22
DTX-comp_Ptr_1CBFP-B-R16-Map5	1871	734	3	0	2	0	74.28	4.55	71.06	71.06	74.28	77.50	77.50	367.00	32.53	344	344.00	367.00	390.00	390	19.62	1.74	18.39	18.39	19.62	20.84	20.84
DTX-comp_Ptr_1CBFP-B-R228-Map5	1786	2578	3	0	3	0	64.53	3.30	61.30	61.30	64.40	67.90	67.90	859.33	587.97	238	238.00	933.00	1407.00	1407	48.11	32.92	13.33	13.33	52.24	78.78	78.78
DTX-comp_Ptr_1CBFP-B-R27-Map20	5875	88	1	0	1	0	81.70	0.00	81.70	81.70	81.70	81.70	81.70	88.00	0.00	88	88.00	88.00	88.00	88	1.50	0.00	1.50	1.50	1.50	1.50	1.50
DTX-comp_Ptr_1CBFP-B-R4-Map20_reversed	2733	33	1	0	1	0	90.90	0.00	90.90	90.90	90.90	90.90	90.90	33.00	0.00	33	33.00	33.00	33.00	33	1.21	0.00	1.21	1.21	1.21	1.21	1.21
DTX-comp_Ptr_1CBFP-B-R42-Map4	2798	758	3	0	3	0	80.10	8.83	75.00	75.00	75.00	90.30	90.30	252.67	174.36	152	152.00	152.00	454.00	454	9.03	6.23	5.43	5.43	5.43	16.23	16.23
DTX-comp_Ptr_1CBFP-B-R44-Map3	2131	157	1	0	1	0	66.70	0.00	66.70	66.70	66.70	66.70	66.70	157.00	0.00	157	157.00	157.00	157.00	157	7.37	0.00	7.37	7.37	7.37	7.37	7.37
DTX-comp_Ptr_1CBFP-B-R60-Map20_reversed	2127	199	1	0	1	0	74.00	0.00	74.00	74.00	74.00	74.00	74.00	199.00	0.00	199	199.00	199.00	199.00	199	9.36	0.00	9.36	9.36	9.36	9.36	9.36
DTX-comp_Ptr_1CBFP-B-R88-Map16	3021	355	2	0	1	0	69.50	0.00	69.50	69.50	69.50	69.50	69.50	355.00	0.00	355	355.00	355.00	355.00	355	11.75	0.00	11.75	11.75	11.75	11.75	11.75
DTX-comp_Ptr_1CBFP-B-R90-Map3_reversed	1472	141	2	0	2	0	71.75	3.75	69.10	69.10	71.75	74.40	74.40	70.50	70.00	21	21.00	70.50	120.00	120	4.79	4.76	1.43	1.43	4.79	8.15	8.15
DTX-comp_SN15_SOL-B-G47-Map7_reversed	2114	36	1	0	1	0	88.90	0.00	88.90	88.90	88.90	88.90	88.90	36.00	0.00	36	36.00	36.00	36.00	36	1.70	0.00	1.70	1.70	1.70	1.70	1.70
DTX-comp_SN4-B-G58-Map4	1845	702	4	0	2	0	72.67	0.61	72.24	72.24	72.67	73.10	73.10	351.00	65.05	305	305.00	351.00	397.00	397	19.02	3.53	16.53	16.53	19.02	21.52	21.52
DTX-comp_SN4-B-P1.6-Map8	1866	202	1	0	1	0	73.90	0.00	73.90	73.90	73.90	73.90	73.90	202.00	0.00	202	202.00	202.00	202.00	202	10.83	0.00	10.83	10.83	10.83	10.83	10.83
DTX-comp_SN4-B-P6.1-Map3	1293	1802	5	0	4	0	63.17	6.92	57.70	58.40	61.15	72.69	72.69	450.50	367.68	25	307.00	448.50	880.00	880	34.84	28.44	1.93	23.74	34.69	68.06	68.06
DTX-comp_SN79_1087_RS_16_reversed	1851	155	1	0	1	0	72.50	0.00	72.50	72.50	72.50	72.50	72.50	155.00	0.00	155	155.00	155.00	155.00	155	8.37	0.00	8.37	8.37	8.37	8.37	8.37
DTX-incomp-chim_CS10-B-G39-Map20	3893	37	1	0	1	0	94.90	0.00	94.90	94.90	94.90	94.90	94.90	37.00	0.00	37	37.00	37.00	37.00	37	0.95	0.00	0.95	0.95	0.95	0.95	0.95
DTX-incomp-chim_CS10-B-R133-Map3_reversed	3576	9796	13	1	13	1	77.09	13.54	63.40	69.40	71.60	77.20	100.00	753.54	1156.87	116	160.00	225.00	242.00	3576	21.07	32.35	3.24	4.47	6.29	6.77	100.00
DTX-incomp-chim_CS10-B-R137-Map5	4054	7079	6	0	6	0	81.68	20.68	54.70	63.80	85.80	100.00	100.00	1179.83	1397.02	61	86.00	525.50	2618.00	3263	29.10	34.46	1.50	2.12	12.96	64.58	80.49
DTX-incomp-chim_CS10-B-R61-Map5	7716	22854	13	2	11	2	80.94	12.45	68.30	69.20	76.80	95.37	99.90	2077.82	2976.98	156	200.00	722.00	3825.00	7714	26.93	38.58	2.02	2.59	9.36	49.57	99.97
DTX-incomp-chim_CS10-L-B116-Map1	4535	32859	27	1	26	1	90.22	10.62	70.20	80.50	94.12	99.90	100.00	1276.00	1137.25	26	129.00	1207.00	2149.00	4535	28.14	25.08	0.57	2.84	26.62	47.39	100.00
DTX-incomp-chim_CS10-L-B117-Map1	4230	1310	4	0	4	0	78.97	23.10	54.70	63.80	80.60	100.00	100.00	327.50	262.36	86	173.00	273.50	677.00	677	7.74	6.20	2.03	4.09	6.47	16.00	16.00
DTX-incomp-chim_CS10-L-B119-Map1	4169	6796	10	0	9	0	83.22	15.24	59.10	75.66	83.40	96.00	100.00	755.11	897.78	23	86.00	298.00	1597.00	2105	18.11	21.53	0.55	2.06	7.15	38.31	50.49
DTX-incomp-chim_CS10-L-B120-Map1	3778	16210	38	1	32	1	85.84	7.83	68.80	80.20	86.20	92.70	100.00	506.78	720.06	21	180.00	266.00	579.00	3778	13.41	19.06	0.56	4.76	7.04	15.33	100.00
DTX-incomp-chim_CS10-L-B13-Map2	17747	31976	28	1	26	1	86.16	11.59	62.01	77.62	89.80	95.50	99.90	1231.08	3598.21	26	88.00	302.50	521.00	17735	6.94	20.28	0.15	0.50	1.70	2.94	99.93
DTX-incomp-chim_CS10-L-B17-Map2	6408	971	2	0	1	0	73.34	0.00	73.34	73.34	73.34	73.34	73.34	971.00	0.00	971	971.00	971.00	971.00	971	15.15	0.00	15.15	15.15	15.15	15.15	15.15
DTX-incomp-chim_CS10-L-B20-Map1	22668	200523	135	1	85	1	83.58	8.51	64.65	77.12	84.20	89.90	100.00	2361.68	4017.45	21	145.00	474.00	2733.00	22668	10.42	17.72	0.09	0.64	2.09	12.06	100.00
DTX-incomp-chim_CS10-L-B21-Map1	22648	66037	60	1	51	1	81.76	12.62	55.00	74.70	82.60	92.90	100.00	1296.94	3220.68	23	152.00	297.00	1896.00	22651	5.73	14.22	0.10	0.67	1.31	8.37	100.01
DTX-incomp-chim_CS10-L-B23-Map1_reversed	21650	99260	66	1	56	1	77.85	11.30	54.00	70.60	77.85	84.59	100.00	1772.95	3023.67	24	257.00	1002.50	2425.00	21650	8.19	13.97	0.11	1.19	4.63	11.20	100.00
DTX-incomp-chim_CS10-L-B26-Map1	19906	95738	79	1	71	1	83.22	10.15	60.40	74.40	84.00	90.20	100.00	1349.10	2875.89	21	50.00	251.00	1300.00	19906	6.78	14.45	0.11	0.25	1.26	6.53	100.00
DTX-incomp-chim_CS10-L-B27-Map1	19826	63439	89	1	86	1	77.65	10.49	57.10	69.80	74.11	84.60	100.00	737.66	2213.61	32	115.00	267.00	450.00	19826	3.72	11.17	0.16	0.58	1.35	2.27	100.00
DTX-incomp-chim_CS10-L-B28-Map1_reversed	16520	34855	29	1	27	1	78.59	11.18	56.40	70.30	77.60	83.60	100.00	1290.93	3249.27	49	100.00	218.00	738.00	16520	7.81	19.67	0.30	0.61	1.32	4.47	100.00
DTX-incomp-chim_CS10-L-B29-Map1	14160	42386	58	1	45	1	76.20	9.66	61.60	69.10	72.89	84.10	100.00	942.93	2088.33	21	179.00	528.00	1166.00	14160	6.66	14.75	0.15	1.26	3.73	8.23	100.00
DTX-incomp-chim_CS10-L-B33-Map1_reversed	13005	25918	63	1	51	1	84.07	7.65	70.10	77.70	84.80	90.35	100.00	509.71	1792.82	21	82.00	260.00	406.00	13005	3.92	13.79	0.16	0.63	2.00	3.12	100.00
DTX-incomp-chim_CS10-L-B41-Map1_reversed	9693	46972	47	1	39	1	85.04	13.20	63.90	73.10	89.80	98.80	100.00	1204.44	1625.87	29	113.00	1139.00	1835.00	9693	12.43	16.77	0.30	1.17	11.75	18.93	100.00
DTX-incomp-chim_CS10-L-B42-Map1_reversed	9486	33765	36	0	30	0	83.17	11.00	58.10	76.30	81.80	93.70	100.00	1125.87	1544.41	37	134.00	512.00	1852.00	7917	11.87	16.28	0.39	1.41	5.40	19.52	83.46
DTX-incomp-chim_CS10-L-B43-Map1	9282	8653	20	0	15	0	86.14	9.86	74.90	76.70	82.50	100.00	100.00	577.20	589.16	26	155.00	301.00	874.00	1843	6.22	6.35	0.28	1.67	3.24	9.42	19.86
DTX-incomp-chim_CS10-L-B51-Map1	7569	46206	66	1	50	1	90.40	8.88	60.00	88.80	93.06	95.60	100.00	929.22	1420.27	31	168.00	424.00	947.00	7568	12.28	18.76	0.41	2.22	5.60	12.51	99.99
DTX-incomp-chim_CS10-L-B70-Map1	7327	21511	20	1	16	1	89.00	11.82	60.40	87.20	94.80	97.20	100.00	1344.44	1765.73	140	223.00	804.50	1937.00	7327	18.35	24.10	1.91	3.04	10.98	26.44	100.00
DTX-incomp-chim_CS10-L-B74-Map1	7153	2139	8	0	8	0	96.75	5.06	84.70	96.40	98.85	99.50	100.00	304.62	60.88	205	296.00	298.00	312.00	430	4.26	0.85	2.87	4.14	4.17	4.36	6.01
DTX-incomp-chim_CS10-L-B83-Map1	6597	16968	31	1	29	1	80.99	10.49	61.10	73.30	81.00	90.80	100.00	585.34	1308.01	25	92.00	134.00	296.00	6597	8.87	19.83	0.38	1.39	2.03	4.49	100.00
DTX-incomp-chim_Ptr_1CBFP-L-B108-Map1	5561	699	3	0	3	0	69.00	6.39	63.70	63.70	67.20	76.10	76.10	233.00	249.43	86	86.00	92.00	521.00	521	4.19	4.49	1.55	1.55	1.65	9.37	9.37
DTX-incomp-chim_Ptr_1CBFP-L-B138-Map1	4986	1614	6	0	6	0	67.17	3.69	64.50	65.00	65.10	69.70	73.60	269.00	160.76	35	144.00	297.50	400.00	440	5.40	3.22	0.70	2.89	5.97	8.02	8.82
DTX-incomp-chim_Ptr_1CBFP-L-B139-Map1	4212	1855	15	0	15	0	74.80	3.55	68.50	72.10	74.50	77.90	81.00	123.67	37.61	58	94.00	116.00	141.00	195	2.94	0.89	1.38	2.23	2.75	3.35	4.63
DTX-incomp-chim_Ptr_1CBFP-L-B146-Map1	3912	973	9	0	9	0	76.63	3.02	72.90	74.80	75.70	79.50	80.90	108.11	29.79	74	88.00	98.00	135.00	158	2.76	0.76	1.89	2.25	2.51	3.45	4.04
DTX-incomp-chim_Ptr_1CBFP-L-B148-Map1_reversed	3767	2911	2	0	2	0	62.00	8.06	56.30	56.30	62.00	67.70	67.70	1455.50	1225.42	589	589.00	1455.50	2322.00	2322	38.64	32.53	15.64	15.64	38.64	61.64	61.64
DTX-incomp-chim_Ptr_1CBFP-L-B153-Map1	3187	216	1	0	1	0	69.10	0.00	69.10	69.10	69.10	69.10	69.10	216.00	0.00	216	216.00	216.00	216.00	216	6.78	0.00	6.78	6.78	6.78	6.78	6.78
DTX-incomp-chim_Ptr_1CBFP-L-B41-Map1	23473	6760	12	0	11	0	71.35	9.28	57.40	64.20	70.00	73.50	87.80	614.55	751.73	39	63.00	409.00	961.00	2542	2.62	3.20	0.17	0.27	1.74	4.09	10.83
DTX-incomp-chim_Ptr_1CBFP-L-B42-Map1_reversed	19893	21438	31	0	27	0	81.87	9.91	64.80	75.60	80.00	87.30	99.90	794.00	1249.75	60	132.00	464.00	615.00	4575	3.99	6.28	0.30	0.66	2.33	3.09	23.00
DTX-incomp-chim_Ptr_1CBFP-L-B43-Map1	19420	7199	46	0	45	0	82.29	7.60	68.50	78.30	82.30	86.70	98.80	159.98	252.71	29	45.00	65.00	210.00	1590	0.82	1.30	0.15	0.23	0.33	1.08	8.19
DTX-incomp-chim_Ptr_1CBFP-L-B44-Map1_reversed	19396	15933	21	0	18	0	72.32	5.42	57.80	68.40	73.60	76.66	80.30	885.17	2573.17	65	127.00	182.00	315.00	11098	4.56	13.27	0.34	0.65	0.94	1.62	57.22
DTX-incomp-chim_Ptr_1CBFP-L-B45-Map1	19011	325	2	0	2	0	83.55	9.97	76.50	76.50	83.55	90.60	90.60	162.50	184.55	32	32.00	162.50	293.00	293	0.85	0.97	0.17	0.17	0.85	1.54	1.54
DTX-incomp-chim_Ptr_1CBFP-L-B47-Map1	17973	3107	26	0	26	0	86.43	9.72	66.20	80.70	88.45	94.10	100.00	120.58	280.14	25	32.00	34.00	52.00	1357	0.67	1.56	0.14	0.18	0.19	0.29	7.55
DTX-incomp-chim_Ptr_1CBFP-L-B49-Map1_reversed	14896	2747	29	0	29	0	82.33	5.10	70.10	79.90	82.60	84.30	93.20	94.72	34.99	27	65.00	101.00	121.00	177	0.64	0.23	0.18	0.44	0.68	0.81	1.19
DTX-incomp-chim_Ptr_1CBFP-L-B51-Map1_reversed	13310	8474	34	0	33	0	82.39	7.97	67.20	76.50	83.00	87.00	96.50	256.79	815.54	27	43.00	53.00	99.00	4604	1.93	6.13	0.20	0.32	0.40	0.74	34.59
DTX-incomp-chim_Ptr_1CBFP-L-B52-Map1_reversed	13289	46274	42	0	28	0	70.69	5.05	55.00	67.80	71.30	74.67	77.40	1653.46	1339.69	21	581.00	1534.50	3220.00	4657	12.44	10.08	0.16	4.37	11.55	24.23	35.04
DTX-incomp-chim_Ptr_1CBFP-L-B53-Map1	13243	441	3	0	3	0	70.60	0.69	70.20	70.20	70.20	71.40	71.40	147.00	68.79	69	69.00	173.00	199.00	199	1.11	0.52	0.52	0.52	1.31	1.50	1.50
DTX-incomp-chim_Ptr_1CBFP-L-B58-Map1	10806	1372	10	0	9	0	75.52	7.17	64.60	71.00	75.20	79.50	88.90	152.44	101.42	21	40.00	184.00	203.00	317	1.41	0.94	0.19	0.37	1.70	1.88	2.93
DTX-incomp-chim_Ptr_1CBFP-L-B60-Map1_reversed	9850	159	5	0	5	0	92.58	10.26	75.40	91.20	96.30	100.00	100.00	31.80	9.78	25	25.00	27.00	34.00	48	0.32	0.10	0.25	0.25	0.27	0.35	0.49
DTX-incomp-chim_Ptr_1CBFP-L-B61-Map1_reversed	9420	90	2	0	2	0	70.70	17.39	58.40	58.40	70.70	83.00	83.00	45.00	16.97	33	33.00	45.00	57.00	57	0.48	0.18	0.35	0.35	0.48	0.61	0.61
DTX-incomp-chim_Ptr_1CBFP-L-B63-Map1_reversed	9045	196	2	0	2	0	70.15	9.69	63.30	63.30	70.15	77.00	77.00	98.00	108.89	21	21.00	98.00	175.00	175	1.08	1.20	0.23	0.23	1.08	1.93	1.93
DTX-incomp-chim_Ptr_1CBFP-L-B67-Map1	8705	94	1	0	1	0	78.70	0.00	78.70	78.70	78.70	78.70	78.70	94.00	0.00	94	94.00	94.00	94.00	94	1.08	0.00	1.08	1.08	1.08	1.08	1.08
DTX-incomp-chim_Ptr_1CBFP-L-B68-Map1	8595	3252	3	0	3	0	75.97	9.76	69.60	69.60	71.10	87.20	87.20	1084.00	1687.67	39	39.00	182.00	3031.00	3031	12.61	19.64	0.45	0.45	2.12	35.26	35.26
DTX-incomp-chim_Ptr_1CBFP-L-B70-Map1	8504	1318	7	0	7	0	72.24	5.12	64.80	69.40	70.30	76.50	80.00	188.29	121.18	48	67.00	174.00	330.00	347	2.21	1.42	0.56	0.79	2.05	3.88	4.08
DTX-incomp-chim_Ptr_1CBFP-L-B74-Map1	8142	541	2	0	2	0	70.15	5.02	66.60	66.60	70.15	73.70	73.70	270.50	289.21	66	66.00	270.50	475.00	475	3.32	3.55	0.81	0.81	3.32	5.83	5.83
DTX-incomp-chim_Ptr_1CBFP-L-B91-Map1_reversed	6362	1069	4	0	4	0	62.57	7.66	57.00	57.80	59.85	73.60	73.60	267.25	229.17	26	163.00	241.50	560.00	560	4.20	3.60	0.41	2.56	3.80	8.80	8.80
DTX-incomp-chim_Ptr_1CBFP-L-B92-Map1_reversed	6319	630	4	0	3	0	80.32	8.28	74.05	74.05	77.20	89.70	89.70	210.00	175.14	39	39.00	202.00	389.00	389	3.32	2.77	0.62	0.62	3.20	6.16	6.16
DTX-incomp-chim_Ptr_1CBFP-L-B94-Map1	6238	881	1	0	1	0	81.20	0.00	81.20	81.20	81.20	81.20	81.20	881.00	0.00	881	881.00	881.00	881.00	881	14.12	0.00	14.12	14.12	14.12	14.12	14.12
DTX-incomp-chim_SN15_SOL-L-B13-Map1_reversed	18062	108	2	0	1	0	75.33	0.00	75.33	75.33	75.33	75.33	75.33	128.00	0.00	128	128.00	128.00	128.00	128	0.71	0.00	0.71	0.71	0.71	0.71	0.71
DTX-incomp-chim_SN15_SOL-L-B19-Map1_reversed	15719	5246	11	0	6	0	73.04	10.48	62.70	67.11	71.65	72.00	93.10	878.67	1604.46	29	205.00	259.50	374.00	4145	5.59	10.21	0.18	1.30	1.65	2.38	26.37
DTX-incomp-chim_SN15_SOL-L-B27-Map1_reversed	13684	7522	9	0	6	0	66.10	5.05	57.80	65.17	65.45	70.55	72.20	1254.83	1092.41	231	355.00	1085.50	1875.00	2897	9.17	7.98	1.69	2.59	7.93	13.70	21.17
DTX-incomp-chim_SN15_SOL-L-B29-Map1_reversed	12709	893	1	0	1	0	70.30	0.00	70.30	70.30	70.30	70.30	70.30	893.00	0.00	893	893.00	893.00	893.00	893	7.03	0.00	7.03	7.03	7.03	7.03	7.03
DTX-incomp-chim_SN15_SOL-L-B32-Map1_reversed	11358	399	1	0	1	0	67.30	0.00	67.30	67.30	67.30	67.30	67.30	399.00	0.00	399	399.00	399.00	399.00	399	3.51	0.00	3.51	3.51	3.51	3.51	3.51
DTX-incomp-chim_SN15_SOL-L-B71-Map1_reversed	7006	400	5	0	4	0	71.45	7.94	66.70	67.20	67.90	83.30	83.30	100.00	130.29	27	31.00	39.00	295.00	295	1.43	1.86	0.39	0.44	0.56	4.21	4.21
DTX-incomp-chim_SN2000-L-B14-Map1	14756	2285	6	0	6	0	75.87	7.77	68.30	68.30	75.75	83.00	84.10	380.83	396.48	97	201.00	265.00	279.00	1178	2.58	2.69	0.66	1.36	1.80	1.89	7.98
DTX-incomp-chim_SN2000-L-B16-Map1	13080	118	1	0	1	0	74.60	0.00	74.60	74.60	74.60	74.60	74.60	118.00	0.00	118	118.00	118.00	118.00	118	0.90	0.00	0.90	0.90	0.90	0.90	0.90
DTX-incomp-chim_SN2000-L-B46-Map1_reversed	8491	4584	6	0	4	0	68.84	4.77	63.25	67.10	68.85	74.40	74.40	1146.00	1352.39	31	196.00	798.50	2956.00	2956	13.50	15.93	0.37	2.31	9.40	34.81	34.81
DTX-incomp-chim_SN2000-L-B5-Map1_reversed	19940	1001	7	0	7	0	69.54	2.46	65.20	68.20	69.50	71.60	72.70	143.00	85.40	60	104.00	106.00	206.00	309	0.72	0.43	0.30	0.52	0.53	1.03	1.55
DTX-incomp-chim_SN2000-L-B6-Map1_reversed	18517	347	6	0	6	0	83.90	8.41	70.10	79.20	85.55	90.70	92.30	57.83	19.98	37	41.00	57.50	77.00	77	0.31	0.11	0.20	0.22	0.31	0.42	0.42
DTX-incomp-chim_SN4-L-B12-Map1_reversed	18372	380	2	0	2	0	79.85	12.80	70.80	70.80	79.85	88.90	88.90	190.00	219.20	35	35.00	190.00	345.00	345	1.03	1.19	0.19	0.19	1.03	1.88	1.88
DTX-incomp-chim_SN4-L-B15-Map1	17513	988	2	0	2	0	72.90	4.81	69.50	69.50	72.90	76.30	76.30	494.00	5.66	490	490.00	494.00	498.00	498	2.82	0.03	2.80	2.80	2.82	2.84	2.84
DTX-incomp-chim_SN4-L-B3-Map2	6329	21	1	0	1	0	70.40	0.00	70.40	70.40	70.40	70.40	70.40	21.00	0.00	21	21.00	21.00	21.00	21	0.33	0.00	0.33	0.33	0.33	0.33	0.33
DTX-incomp-chim_SN4-L-B32-Map1_reversed	13360	805	4	0	3	0	69.80	4.51	64.60	64.60	72.20	72.60	72.60	268.33	81.38	215	215.00	228.00	362.00	362	2.01	0.61	1.61	1.61	1.71	2.71	2.71
DTX-incomp-chim_SN4-L-B79-Map1	6701	777	1	0	1	0	70.30	0.00	70.30	70.30	70.30	70.30	70.30	777.00	0.00	777	777.00	777.00	777.00	777	11.60	0.00	11.60	11.60	11.60	11.60	11.60
DTX-incomp-chim_SN79_1087-B-G6-Map20	2299	167	1	0	1	0	69.50	0.00	69.50	69.50	69.50	69.50	69.50	167.00	0.00	167	167.00	167.00	167.00	167	7.26	0.00	7.26	7.26	7.26	7.26	7.26
DTX-incomp-chim_SN79_1087-L-B11-Map1_reversed	10511	254	1	0	1	0	76.80	0.00	76.80	76.80	76.80	76.80	76.80	254.00	0.00	254	254.00	254.00	254.00	254	2.42	0.00	2.42	2.42	2.42	2.42	2.42
DTX-incomp-chim_SN79_1087-L-B16-Map1_reversed	8962	874	3	0	2	0	58.75	3.61	56.20	56.20	58.75	61.30	61.30	437.00	579.83	27	27.00	437.00	847.00	847	4.88	6.47	0.30	0.30	4.88	9.45	9.45
DTX-incomp-chim_SN79_1087-L-B17-Map1_reversed	8428	137	1	0	1	0	75.90	0.00	75.90	75.90	75.90	75.90	75.90	137.00	0.00	137	137.00	137.00	137.00	137	1.63	0.00	1.63	1.63	1.63	1.63	1.63
DTX-incomp-chim_SN79_1087-L-B2-Map1	18154	12575	8	0	6	0	68.77	4.80	59.40	69.70	69.80	70.50	73.40	2095.83	2641.14	83	222.00	879.00	3855.00	6657	11.54	14.55	0.46	1.22	4.84	21.23	36.67
DTX-incomp-chim_SN79_1087-L-B29-Map1	3291	278	2	0	2	0	72.50	0.00	72.50	72.50	72.50	72.50	72.50	139.00	70.71	89	89.00	139.00	189.00	189	4.22	2.15	2.70	2.70	4.22	5.74	5.74
DTX-incomp-chim_SN79_1087-L-B3-Map1	17004	3255	5	0	3	0	66.31	2.44	64.90	64.90	64.90	69.13	69.13	1085.00	1594.59	137	137.00	192.00	2926.00	2926	6.38	9.38	0.81	0.81	1.13	17.21	17.21
DTX-incomp-chim_SN79_1087-L-B31-Map1	2621	301	2	0	2	0	68.30	0.28	68.10	68.10	68.30	68.50	68.50	150.50	181.73	22	22.00	150.50	279.00	279	5.74	6.93	0.84	0.84	5.74	10.64	10.64
DTX-incomp-chim_SN79_1087-L-B4-Map1_reversed	16288	10277	15	0	10	0	66.80	5.57	58.40	61.21	67.62	71.70	72.82	1030.60	843.21	46	153.00	885.00	1766.00	2457	6.33	5.18	0.28	0.94	5.43	10.84	15.08
DTX-incomp-chim_SN79_1087-L-B5-Map1_reversed	16003	352	4	0	4	0	75.85	9.62	62.60	76.30	77.70	85.40	85.40	88.00	46.11	41	74.00	80.00	151.00	151	0.55	0.29	0.26	0.46	0.50	0.94	0.94
DTX-incomp-chim_SN79_1087-L-B6-Map1	15817	2168	7	0	6	0	73.77	9.65	68.80	69.10	69.60	72.21	93.30	366.50	255.99	29	132.00	408.00	514.00	708	2.32	1.62	0.18	0.83	2.58	3.25	4.48
DTX-incomp-chim_SN79_1087-L-B9-Map1	12092	5107	5	0	3	0	67.67	2.54	66.01	66.01	66.40	70.60	70.60	1702.33	1667.02	187	187.00	1432.00	3488.00	3488	14.08	13.79	1.55	1.55	11.84	28.85	28.85
DTX-incomp_CS10-B-G184-Map6	18599	178656	61	2	58	3	83.56	12.75	57.90	73.60	84.85	95.50	100.00	3080.50	5279.77	22	67.00	229.50	3242.00	18596	16.56	28.39	0.12	0.36	1.23	17.43	99.98
DTX-incomp_CS10-B-G313-Map3	1673	1168	3	0	3	0	84.83	26.10	54.70	54.70	99.90	99.90	99.90	389.33	13.28	374	374.00	397.00	397.00	397	23.27	0.79	22.36	22.36	23.73	23.73	23.73
DTX-incomp_CS10-B-G33-Map20	2030	481	3	0	3	0	83.00	1.74	81.80	81.80	82.20	85.00	85.00	160.33	169.47	60	60.00	65.00	356.00	356	7.90	8.35	2.96	2.96	3.20	17.54	17.54
DTX-incomp_CS10-B-G38-Map3_reversed	1811	4362	6	1	5	1	83.15	6.98	74.20	79.70	82.45	86.80	92.60	872.40	786.36	107	118.00	795.00	1535.00	1807	48.17	43.42	5.91	6.52	43.90	84.76	99.78
DTX-incomp_CS10-B-G52-Map8	2074	130	3	0	3	0	85.30	3.83	82.70	82.70	83.50	89.70	89.70	43.33	29.19	25	25.00	28.00	77.00	77	2.09	1.41	1.21	1.21	1.35	3.71	3.71
DTX-incomp_CS10-B-G53-Map9_reversed	2127	13914	24	1	18	2	90.88	9.24	65.20	90.40	94.85	96.20	98.60	775.56	676.95	31	285.00	547.50	1096.00	2124	36.46	31.83	1.46	13.40	25.74	51.53	99.86
DTX-incomp_CS10-B-G59-Map20	2133	5389	8	1	8	1	93.25	6.46	81.00	88.90	96.40	98.00	99.10	673.62	662.16	86	217.00	562.50	966.00	2103	31.58	31.04	4.03	10.17	26.37	45.29	98.59
DTX-incomp_CS10-B-G64-Map16	1874	9664	8	4	8	4	92.19	8.83	75.60	88.80	94.50	99.50	99.70	1208.00	876.16	101	245.00	1810.50	1862.00	1864	64.46	46.75	5.39	13.07	96.61	99.36	99.47
DTX-incomp_CS10-B-G68-Map9_reversed	2856	6573	7	0	7	0	89.86	9.74	78.80	78.80	88.30	99.80	100.00	939.00	887.77	34	131.00	645.00	1861.00	1876	32.88	31.08	1.19	4.59	22.58	65.16	65.69
DTX-incomp_CS10-B-G82-Map20	3431	1155	7	0	7	0	70.66	10.88	57.80	58.50	69.10	80.40	87.50	165.00	163.46	24	37.00	63.00	306.00	445	4.81	4.76	0.70	1.08	1.84	8.92	12.97
DTX-incomp_CS10-B-P38.14-Map4	2108	17737	20	5	17	6	92.46	6.20	72.60	92.04	94.20	95.70	98.30	1043.35	909.70	62	173.00	541.00	2106.00	2108	49.49	43.15	2.94	8.21	25.66	99.91	100.00
DTX-incomp_CS10-B-P47.7-Map3_reversed	680	680	1	1	1	1	91.00	0.00	91.00	91.00	91.00	91.00	91.00	680.00	0.00	680	680.00	680.00	680.00	680	100.00	0.00	100.00	100.00	100.00	100.00	100.00
DTX-incomp_CS10-B-R113-Map3	1355	8428	9	5	9	5	76.47	6.96	69.50	73.50	74.80	79.00	92.70	936.44	517.89	138	481.00	1351.00	1353.00	1353	69.11	38.22	10.18	35.50	99.70	99.85	99.85
DTX-incomp_CS10-B-R130-Map4_reversed	6967	35874	64	2	60	2	85.87	8.71	67.30	78.50	86.90	93.50	100.00	597.90	1501.22	25	111.00	159.50	305.00	6966	8.58	21.55	0.36	1.59	2.29	4.38	99.99
DTX-incomp_CS10-B-R131-Map3_reversed	2412	5692	6	2	5	2	98.57	1.81	95.64	98.00	99.40	99.80	100.00	1138.60	1196.23	58	58.00	754.00	2410.00	2413	47.21	49.59	2.40	2.40	31.26	99.92	100.04
DTX-incomp_CS10-B-R170-Map3	1823	3078	8	0	8	0	83.95	13.54	60.40	75.00	90.85	95.20	95.80	384.75	456.91	29	106.00	255.00	616.00	1407	21.11	25.06	1.59	5.81	13.99	33.79	77.18
DTX-incomp_CS10-B-R174-Map4_reversed	1887	6268	11	2	10	2	85.53	5.00	80.30	81.33	84.10	89.70	94.10	626.80	660.10	26	278.00	417.50	554.00	1852	33.22	34.98	1.38	14.73	22.13	29.36	98.15
DTX-incomp_CS10-B-R237-Map6	1824	4916	7	1	6	2	87.57	10.61	71.00	79.23	89.90	97.70	97.70	819.33	795.25	47	175.00	533.50	1807.00	1820	44.92	43.60	2.58	9.59	29.25	99.07	99.78
DTX-incomp_CS10-B-R243-Map3	771	192	1	0	1	0	90.80	0.00	90.80	90.80	90.80	90.80	90.80	192.00	0.00	192	192.00	192.00	192.00	192	24.90	0.00	24.90	24.90	24.90	24.90	24.90
DTX-incomp_CS10-B-R254-Map3	814	891	3	1	3	1	91.23	2.83	89.50	89.50	89.70	94.50	94.50	297.00	447.74	38	38.00	39.00	814.00	814	36.49	55.00	4.67	4.67	4.79	100.00	100.00
DTX-incomp_CS10-B-R72-Map3	1626	2288	5	0	4	0	83.60	9.96	73.30	81.20	81.95	97.20	97.20	572.00	399.00	46	565.00	616.00	1010.00	1010	35.18	24.54	2.83	34.75	37.88	62.12	62.12
DTX-incomp_CS10-B-R76-Map3	931	1253	4	1	4	1	90.28	5.08	82.90	91.10	92.00	94.20	94.20	313.25	415.98	43	117.00	138.50	933.00	933	33.65	44.68	4.62	12.57	14.88	100.21	100.21
DTX-incomp_CS10-B-R82-Map15	2101	31183	56	1	47	2	88.83	7.03	68.86	84.70	91.40	94.10	96.80	663.47	630.25	25	177.00	387.00	947.00	2315	31.58	30.00	1.19	8.42	18.42	45.07	110.19
DTX-incomp_CS10-B-R92-Map6	5296	37222	32	2	27	2	78.94	11.66	62.10	68.00	77.40	87.40	99.80	1378.59	1626.22	55	212.00	481.00	2833.00	5296	26.03	30.71	1.04	4.00	9.08	53.49	100.00
DTX-incomp_CS10-B-R94-Map5_reversed	6561	107144	90	2	76	2	71.90	9.15	55.60	65.80	70.00	76.00	99.30	1409.79	1690.47	22	103.00	706.00	2565.00	6813	21.49	25.77	0.34	1.57	10.76	39.09	103.84
DTX-incomp_CS10-L-B121-Map1	3740	20106	47	1	42	1	83.94	8.30	66.00	77.60	83.40	91.40	100.00	479.02	756.95	24	96.00	213.00	401.00	3740	12.81	20.24	0.64	2.57	5.70	10.72	100.00
DTX-incomp_CS10-L-B39-Map1	10679	47947	81	1	63	1	86.88	9.72	62.10	81.10	88.50	93.90	100.00	761.89	1520.52	24	109.00	154.00	957.00	10679	7.13	14.24	0.22	1.02	1.44	8.96	100.00
DTX-incomp_CS10-L-B44-Map1_reversed	9085	14802	23	1	22	1	85.27	10.97	59.70	76.80	88.33	94.00	100.00	672.82	1889.17	22	109.00	261.00	389.00	9085	7.41	20.79	0.24	1.20	2.87	4.28	100.00
DTX-incomp_CS10_RS_40	2113	1130	3	0	3	0	72.87	21.74	58.70	58.70	62.00	97.90	97.90	376.67	259.36	149	149.00	322.00	659.00	659	17.83	12.27	7.05	7.05	15.24	31.19	31.19
DTX-incomp_CS10_RS_42	2103	950	3	0	3	0	81.10	15.88	64.20	64.20	83.40	95.70	95.70	316.67	185.27	162	162.00	266.00	522.00	522	15.06	8.81	7.70	7.70	12.65	24.82	24.82
DTX-incomp_CS10_RS_48	1852	396	2	0	2	0	80.40	5.52	76.50	76.50	80.40	84.30	84.30	198.00	248.90	22	22.00	198.00	374.00	374	10.69	13.44	1.19	1.19	10.69	20.19	20.19
DTX-incomp_CS10_RS_59	1355	20805	39	8	29	8	75.79	8.82	55.80	69.55	74.10	81.80	90.00	717.41	487.84	21	297.00	644.00	1344.00	1355	52.95	36.00	1.55	21.92	47.53	99.19	100.00
DTX-incomp_CS10_RS_70	919	794	2	0	2	0	100.00	0.00	100.00	100.00	100.00	100.00	100.00	397.00	0.00	397	397.00	397.00	397.00	397	43.20	0.00	43.20	43.20	43.20	43.20	43.20
DTX-incomp_CS10_RS_7_reversed	12733	33464	54	0	50	0	81.75	11.33	60.10	71.80	80.75	88.90	99.90	702.82	1278.16	22	78.00	170.00	321.00	5530	5.52	10.04	0.17	0.61	1.34	2.52	43.43
DTX-incomp_CS10_RS_89	410	102	1	0	1	0	74.50	0.00	74.50	74.50	74.50	74.50	74.50	102.00	0.00	102	102.00	102.00	102.00	102	24.88	0.00	24.88	24.88	24.88	24.88	24.88
DTX-incomp_Ptr_1CBFP-B-G125-Map4	2848	340	1	0	1	0	71.20	0.00	71.20	71.20	71.20	71.20	71.20	340.00	0.00	340	340.00	340.00	340.00	340	11.94	0.00	11.94	11.94	11.94	11.94	11.94
DTX-incomp_Ptr_1CBFP-B-G127-Map13_reversed	2751	2180	2	0	2	0	64.30	6.22	59.90	59.90	64.30	68.70	68.70	1090.00	1460.88	57	57.00	1090.00	2123.00	2123	39.62	53.10	2.07	2.07	39.62	77.17	77.17
DTX-incomp_Ptr_1CBFP-B-G133-Map20	3104	242	6	0	6	0	89.58	8.19	75.20	86.00	91.25	96.80	97.00	40.33	7.39	31	32.00	42.00	47.00	48	1.30	0.24	1.00	1.03	1.35	1.51	1.55
DTX-incomp_Ptr_1CBFP-B-G159-Map3_reversed	6331	203	3	0	3	0	79.87	2.46	77.10	77.10	80.70	81.80	81.80	67.67	15.04	58	58.00	60.00	85.00	85	1.07	0.24	0.92	0.92	0.95	1.34	1.34
DTX-incomp_Ptr_1CBFP-B-G183-Map3_reversed	4791	514	2	0	2	0	69.85	16.90	57.90	57.90	69.85	81.80	81.80	257.00	287.09	54	54.00	257.00	460.00	460	5.36	5.99	1.13	1.13	5.36	9.60	9.60
DTX-incomp_Ptr_1CBFP-B-G34-Map20	1930	188	1	0	1	0	73.80	0.00	73.80	73.80	73.80	73.80	73.80	188.00	0.00	188	188.00	188.00	188.00	188	9.74	0.00	9.74	9.74	9.74	9.74	9.74
DTX-incomp_Ptr_1CBFP-B-G4-Map20	2359	29	1	0	1	0	96.70	0.00	96.70	96.70	96.70	96.70	96.70	29.00	0.00	29	29.00	29.00	29.00	29	1.23	0.00	1.23	1.23	1.23	1.23	1.23
DTX-incomp_Ptr_1CBFP-B-G429-Map3_reversed	1513	506	1	0	1	0	75.00	0.00	75.00	75.00	75.00	75.00	75.00	506.00	0.00	506	506.00	506.00	506.00	506	33.44	0.00	33.44	33.44	33.44	33.44	33.44
DTX-incomp_Ptr_1CBFP-B-R114-Map6_reversed	1847	33	1	0	1	0	90.90	0.00	90.90	90.90	90.90	90.90	90.90	33.00	0.00	33	33.00	33.00	33.00	33	1.79	0.00	1.79	1.79	1.79	1.79	1.79
DTX-incomp_Ptr_1CBFP-B-R125-Map4	13516	21835	50	0	49	0	68.28	6.70	56.00	63.70	68.10	71.60	85.20	448.98	729.84	23	101.00	193.00	357.00	3032	3.32	5.40	0.17	0.75	1.43	2.64	22.43
DTX-incomp_Ptr_1CBFP-B-R126-Map3	2852	219	1	0	1	0	72.30	0.00	72.30	72.30	72.30	72.30	72.30	219.00	0.00	219	219.00	219.00	219.00	219	7.68	0.00	7.68	7.68	7.68	7.68	7.68
DTX-incomp_Ptr_1CBFP-B-R156-Map5	1786	307	1	0	1	0	76.90	0.00	76.90	76.90	76.90	76.90	76.90	307.00	0.00	307	307.00	307.00	307.00	307	17.19	0.00	17.19	17.19	17.19	17.19	17.19
DTX-incomp_Ptr_1CBFP-B-R176-Map5	2801	38	1	0	1	0	87.20	0.00	87.20	87.20	87.20	87.20	87.20	38.00	0.00	38	38.00	38.00	38.00	38	1.36	0.00	1.36	1.36	1.36	1.36	1.36
DTX-incomp_Ptr_1CBFP-B-R211-Map3_reversed	634	308	3	0	3	0	88.00	8.10	79.00	79.00	90.30	94.70	94.70	102.67	82.08	38	38.00	75.00	195.00	195	16.19	12.95	5.99	5.99	11.83	30.76	30.76
DTX-incomp_Ptr_1CBFP-B-R246-Map6	4720	135	2	0	2	0	74.60	15.70	63.50	63.50	74.60	85.70	85.70	67.50	26.16	49	49.00	67.50	86.00	86	1.43	0.55	1.04	1.04	1.43	1.82	1.82
DTX-incomp_Ptr_1CBFP-B-R280-Map4_reversed	10199	619	6	0	6	0	75.17	12.99	58.60	67.60	72.25	87.20	93.10	103.17	120.16	23	29.00	39.50	165.00	323	1.01	1.18	0.23	0.28	0.39	1.62	3.17
DTX-incomp_Ptr_1CBFP-B-R37-Map16	1696	239	1	0	1	0	70.90	0.00	70.90	70.90	70.90	70.90	70.90	239.00	0.00	239	239.00	239.00	239.00	239	14.09	0.00	14.09	14.09	14.09	14.09	14.09
DTX-incomp_Ptr_1CBFP-L-B154-Map1	3179	43	1	0	1	0	84.10	0.00	84.10	84.10	84.10	84.10	84.10	43.00	0.00	43	43.00	43.00	43.00	43	1.35	0.00	1.35	1.35	1.35	1.35	1.35
DTX-incomp_Ptr_1CBFP-L-B40-Map1_reversed	23601	7025	53	0	51	0	83.46	10.93	53.50	79.80	86.20	91.90	100.00	138.45	178.77	29	41.00	59.00	145.00	800	0.59	0.76	0.12	0.17	0.25	0.61	3.39
DTX-incomp_Ptr_1CBFP-L-B57-Map1	12350	2659	2	0	2	0	78.80	17.68	66.30	66.30	78.80	91.30	91.30	1329.50	1347.04	377	377.00	1329.50	2282.00	2282	10.77	10.91	3.05	3.05	10.77	18.48	18.48
DTX-incomp_Ptr_1CBFP-L-B71-Map1_reversed	8381	2318	8	0	7	0	65.28	3.87	57.90	62.30	67.00	67.37	69.20	331.14	190.76	173	199.00	257.00	528.00	670	3.95	2.28	2.06	2.37	3.07	6.30	7.99
DTX-incomp_Ptr_1CBFP-L-B73-Map1_reversed	8179	800	1	0	1	0	75.30	0.00	75.30	75.30	75.30	75.30	75.30	800.00	0.00	800	800.00	800.00	800.00	800	9.78	0.00	9.78	9.78	9.78	9.78	9.78
DTX-incomp_Ptr_1CBFP-L-B76-Map1_reversed	8031	4714	8	0	6	0	67.14	4.96	60.00	63.30	67.98	70.25	73.30	785.67	846.27	23	144.00	454.00	1485.00	2154	9.78	10.54	0.29	1.79	5.65	18.49	26.82
DTX-incomp_Ptr_1CBFP_RS_28	5019	52	1	0	1	0	83.30	0.00	83.30	83.30	83.30	83.30	83.30	52.00	0.00	52	52.00	52.00	52.00	52	1.04	0.00	1.04	1.04	1.04	1.04	1.04
DTX-incomp_Ptr_1CBFP_RS_71_reversed	1905	243	2	0	2	0	72.30	2.55	70.50	70.50	72.30	74.10	74.10	121.50	13.44	112	112.00	121.50	131.00	131	6.38	0.71	5.88	5.88	6.38	6.88	6.88
DTX-incomp_SN15_SOL-B-G100-Map9	6414	1250	3	0	2	0	61.87	7.25	56.74	56.74	61.87	67.00	67.00	625.00	154.15	516	516.00	625.00	734.00	734	9.74	2.40	8.04	8.04	9.74	11.44	11.44
DTX-incomp_SN15_SOL-B-G121-Map4	6551	24	1	0	1	0	61.90	0.00	61.90	61.90	61.90	61.90	61.90	24.00	0.00	24	24.00	24.00	24.00	24	0.37	0.00	0.37	0.37	0.37	0.37	0.37
DTX-incomp_SN15_SOL-B-G16-Map20	1949	24	1	0	1	0	61.10	0.00	61.10	61.10	61.10	61.10	61.10	24.00	0.00	24	24.00	24.00	24.00	24	1.23	0.00	1.23	1.23	1.23	1.23	1.23
DTX-incomp_SN15_SOL-B-G28-Map20_reversed	2284	329	2	0	2	0	74.90	0.00	74.90	74.90	74.90	74.90	74.90	164.50	64.35	119	119.00	164.50	210.00	210	7.20	2.82	5.21	5.21	7.20	9.19	9.19
DTX-incomp_SN15_SOL-B-G52-Map12	2147	36	1	0	1	0	65.40	0.00	65.40	65.40	65.40	65.40	65.40	36.00	0.00	36	36.00	36.00	36.00	36	1.68	0.00	1.68	1.68	1.68	1.68	1.68
DTX-incomp_SN15_SOL-B-R116-Map6	15222	2618	5	0	5	0	75.94	7.92	64.10	72.10	78.10	82.70	82.70	523.60	912.76	51	51.00	163.00	201.00	2152	3.44	6.00	0.34	0.34	1.07	1.32	14.14
DTX-incomp_SN15_SOL-L-B3-Map2	9453	53	1	0	1	0	82.10	0.00	82.10	82.10	82.10	82.10	82.10	53.00	0.00	53	53.00	53.00	53.00	53	0.56	0.00	0.56	0.56	0.56	0.56	0.56
DTX-incomp_SN2000-B-G22-Map8	1842	57	1	0	1	0	76.30	0.00	76.30	76.30	76.30	76.30	76.30	57.00	0.00	57	57.00	57.00	57.00	57	3.09	0.00	3.09	3.09	3.09	3.09	3.09
DTX-incomp_SN2000-B-G28-Map9	2154	196	1	0	1	0	70.70	0.00	70.70	70.70	70.70	70.70	70.70	196.00	0.00	196	196.00	196.00	196.00	196	9.10	0.00	9.10	9.10	9.10	9.10	9.10
DTX-incomp_SN2000-B-G41-Map15_reversed	2081	266	1	0	1	0	73.70	0.00	73.70	73.70	73.70	73.70	73.70	266.00	0.00	266	266.00	266.00	266.00	266	12.78	0.00	12.78	12.78	12.78	12.78	12.78
DTX-incomp_SN4-B-G139-Map6_reversed	6626	24	1	0	1	0	61.00	0.00	61.00	61.00	61.00	61.00	61.00	24.00	0.00	24	24.00	24.00	24.00	24	0.36	0.00	0.36	0.36	0.36	0.36	0.36
DTX-incomp_SN4-B-G38-Map20_reversed	1893	1509	3	0	1	0	74.25	0.00	74.25	74.25	74.25	74.25	74.25	1509.00	0.00	1509	1509.00	1509.00	1509.00	1509	79.71	0.00	79.71	79.71	79.71	79.71	79.71
DTX-incomp_SN4-B-G52-Map18	2762	91	2	0	2	0	89.85	14.35	79.70	79.70	89.85	100.00	100.00	45.50	27.58	26	26.00	45.50	65.00	65	1.65	1.00	0.94	0.94	1.65	2.35	2.35
DTX-incomp_SN4-B-R12-Map4_reversed	1666	137	1	0	1	0	77.00	0.00	77.00	77.00	77.00	77.00	77.00	137.00	0.00	137	137.00	137.00	137.00	137	8.22	0.00	8.22	8.22	8.22	8.22	8.22
DTX-incomp_SN4-B-R13-Map5_reversed	1647	154	1	0	1	0	64.20	0.00	64.20	64.20	64.20	64.20	64.20	154.00	0.00	154	154.00	154.00	154.00	154	9.35	0.00	9.35	9.35	9.35	9.35	9.35
DTX-incomp_SN4-B-R44-Map4	2123	139	3	0	3	0	86.17	4.48	81.00	81.00	88.60	88.90	88.90	46.33	11.68	36	36.00	44.00	59.00	59	2.18	0.55	1.70	1.70	2.07	2.78	2.78
DTX-incomp_SN4-L-B20-Map1	16331	5371	9	0	4	0	72.79	10.98	61.40	70.87	70.98	87.80	87.80	1342.75	1514.93	24	42.00	1293.50	2760.00	2760	8.22	9.28	0.15	0.26	7.92	16.90	16.90
DTX-incomp_SN4-L-B26-Map1	14776	24	1	0	1	0	61.60	0.00	61.60	61.60	61.60	61.60	61.60	24.00	0.00	24	24.00	24.00	24.00	24	0.16	0.00	0.16	0.16	0.16	0.16	0.16
DTX-incomp_SN4_RS_17_reversed	6842	24	1	0	1	0	61.90	0.00	61.90	61.90	61.90	61.90	61.90	24.00	0.00	24	24.00	24.00	24.00	24	0.35	0.00	0.35	0.35	0.35	0.35	0.35
DTX-incomp_SN79_1087-B-G28-Map5	1863	58	1	0	1	0	74.70	0.00	74.70	74.70	74.70	74.70	74.70	58.00	0.00	58	58.00	58.00	58.00	58	3.11	0.00	3.11	3.11	3.11	3.11	3.11
DTX-incomp_SN79_1087-B-G32-Map20	2503	205	1	0	1	0	69.10	0.00	69.10	69.10	69.10	69.10	69.10	205.00	0.00	205	205.00	205.00	205.00	205	8.19	0.00	8.19	8.19	8.19	8.19	8.19
DTX-incomp_SN79_1087_RS_12	1881	21	1	0	1	0	55.50	0.00	55.50	55.50	55.50	55.50	55.50	21.00	0.00	21	21.00	21.00	21.00	21	1.12	0.00	1.12	1.12	1.12	1.12	1.12
DXX-MITE-chim_CS10_RS_99_reversed	289	3140	19	3	19	3	87.62	6.46	75.20	81.80	87.80	93.40	97.90	165.26	86.16	28	98.00	170.00	237.00	289	57.18	29.81	9.69	33.91	58.82	82.01	100.00
DXX-MITE-chim_Ptr_1CBFP_RS_218	241	235	1	1	1	1	78.30	0.00	78.30	78.30	78.30	78.30	78.30	235.00	0.00	235	235.00	235.00	235.00	235	97.51	0.00	97.51	97.51	97.51	97.51	97.51
DXX-MITE_CS10-B-G218-Map6	435	1298	4	2	4	2	95.05	4.09	89.10	96.00	96.35	98.40	98.40	324.50	196.57	30	409.00	419.00	430.00	430	74.60	45.19	6.90	94.02	96.32	98.85	98.85
DXX-MITE_CS10-B-G223-Map7	431	2778	8	4	8	4	97.67	6.18	82.40	99.50	100.00	100.00	100.00	347.25	117.10	98	338.00	402.00	428.00	428	80.57	27.17	22.74	78.42	93.27	99.30	99.30
DXX-MITE_CS10_RS_113	199	1826	11	7	10	8	84.40	2.41	79.69	82.80	84.95	86.50	87.00	182.60	47.04	50	190.00	198.00	200.00	207	91.76	23.64	25.13	95.48	99.50	100.50	104.02
DXX-MITE_CS10_RS_127	167	3550	25	17	24	17	92.31	4.77	75.20	92.20	93.80	95.20	96.40	147.92	40.68	28	150.00	167.00	168.00	172	88.57	24.36	16.77	89.82	100.00	100.60	102.99
DXX-MITE_CS10_RS_128	164	2662	20	10	20	10	86.50	7.65	72.70	79.50	89.40	92.90	97.60	133.10	33.08	84	98.00	143.50	163.00	170	81.16	20.17	51.22	59.76	87.50	99.39	103.66
DXX-MITE_CS10_RS_129	160	1229	8	6	8	6	90.29	6.74	79.80	90.10	91.60	96.20	96.30	153.62	12.85	128	156.00	159.00	161.00	166	96.02	8.03	80.00	97.50	99.38	100.62	103.75
DXX-MITE_CS10_RS_67	1119	46	1	0	1	0	87.00	0.00	87.00	87.00	87.00	87.00	87.00	46.00	0.00	46	46.00	46.00	46.00	46	4.11	0.00	4.11	4.11	4.11	4.11	4.11
DXX-MITE_Ptr_1CBFP-L-B12-Map6	9666	41	1	0	1	0	85.70	0.00	85.70	85.70	85.70	85.70	85.70	41.00	0.00	41	41.00	41.00	41.00	41	0.42	0.00	0.42	0.42	0.42	0.42	0.42
DXX-MITE_Ptr_1CBFP_RS_243	197	1558	11	2	11	2	79.59	5.26	72.30	76.50	78.90	81.80	89.60	141.64	55.71	47	90.00	173.00	185.00	194	71.90	28.28	23.86	45.69	87.82	93.91	98.48
DXX-MITE_Ptr_1CBFP_RS_302	147	92	2	0	2	0	88.10	2.40	86.40	86.40	88.10	89.80	89.80	46.00	2.83	44	44.00	46.00	48.00	48	31.29	1.92	29.93	29.93	31.29	32.65	32.65
DXX-MITE_SN15_SOL_RS_52	385	171	1	0	1	0	72.30	0.00	72.30	72.30	72.30	72.30	72.30	171.00	0.00	171	171.00	171.00	171.00	171	44.42	0.00	44.42	44.42	44.42	44.42	44.42
DXX_SN2000-B-R1-Map12	17798	672	2	0	2	0	61.75	0.64	61.30	61.30	61.75	62.20	62.20	336.00	120.21	251	251.00	336.00	421.00	421	1.89	0.68	1.41	1.41	1.89	2.37	2.37
noCat_CS10-B-G4-Map20	2837	818	8	0	8	0	82.77	9.58	70.00	76.60	81.00	94.80	94.80	102.25	75.75	22	56.00	78.00	183.00	248	3.60	2.67	0.78	1.97	2.75	6.45	8.74
noCat_SN15_SOL-B-G80-Map12	2095	228	3	0	3	0	99.60	0.35	99.40	99.40	99.40	100.00	100.00	90.33	81.98	43	43.00	43.00	185.00	185	4.31	3.91	2.05	2.05	2.05	8.83	8.83
noCat_SN2000-B-G67-Map20	2468	39	1	0	1	0	87.20	0.00	87.20	87.20	87.20	87.20	87.20	39.00	0.00	39	39.00	39.00	39.00	39	1.58	0.00	1.58	1.58	1.58	1.58	1.58
noCat_SN4-B-G21-Map20	2387	132	1	0	1	0	73.30	0.00	73.30	73.30	73.30	73.30	73.30	132.00	0.00	132	132.00	132.00	132.00	132	5.53	0.00	5.53	5.53	5.53	5.53	5.53
noCat_SN4-B-G41-Map20	2541	21	1	0	1	0	57.40	0.00	57.40	57.40	57.40	57.40	57.40	21.00	0.00	21	21.00	21.00	21.00	21	0.83	0.00	0.83	0.83	0.83	0.83	0.83
noCat_SN79_1087-B-G2-Map20	4539	200	1	0	1	0	71.80	0.00	71.80	71.80	71.80	71.80	71.80	200.00	0.00	200	200.00	200.00	200.00	200	4.41	0.00	4.41	4.41	4.41	4.41	4.41
noCat_SN79_1087-B-R26-Map13	9237	17372	13	0	12	0	66.63	8.61	56.70	59.00	66.10	72.90	87.20	1447.67	1859.67	37	133.00	524.00	2345.00	5279	15.67	20.13	0.40	1.44	5.67	25.39	57.15
PotentialHostGene_CS10-B-G101-Map5	3142	6283	8	1	8	1	95.44	7.33	78.20	96.00	98.85	99.30	100.00	785.38	1074.04	29	127.00	233.50	1231.00	3139	25.00	34.18	0.92	4.04	7.43	39.18	99.90
PotentialHostGene_CS10-B-G242-Map4	526	1024	4	1	4	1	84.45	14.40	67.80	77.10	86.15	97.70	97.70	256.00	195.23	83	147.00	208.00	525.00	525	48.67	37.12	15.78	27.95	39.54	99.81	99.81
PotentialHostGene_CS10-B-G87-Map9	2432	325	1	0	1	0	76.00	0.00	76.00	76.00	76.00	76.00	76.00	325.00	0.00	325	325.00	325.00	325.00	325	13.36	0.00	13.36	13.36	13.36	13.36	13.36
PotentialHostGene_CS10-B-G99-Map17	2189	325	1	0	1	0	76.00	0.00	76.00	76.00	76.00	76.00	76.00	325.00	0.00	325	325.00	325.00	325.00	325	14.85	0.00	14.85	14.85	14.85	14.85	14.85
PotentialHostGene_CS10-B-R109-Map4	1063	1126	9	0	9	0	80.39	11.60	64.00	75.80	80.10	84.80	98.70	125.11	90.33	58	66.00	86.00	151.00	324	11.77	8.50	5.46	6.21	8.09	14.21	30.48
PotentialHostGene_CS10-B-R126-Map3	1891	416	1	0	1	0	68.90	0.00	68.90	68.90	68.90	68.90	68.90	416.00	0.00	416	416.00	416.00	416.00	416	22.00	0.00	22.00	22.00	22.00	22.00	22.00
PotentialHostGene_CS10-B-R149-Map3	1594	1473	1	0	1	0	66.30	0.00	66.30	66.30	66.30	66.30	66.30	1473.00	0.00	1473	1473.00	1473.00	1473.00	1473	92.41	0.00	92.41	92.41	92.41	92.41	92.41
PotentialHostGene_CS10-B-R51-Map3	3777	11301	7	2	6	2	86.10	11.58	70.90	76.90	85.44	98.80	99.10	1883.50	1852.89	59	91.00	1795.00	3780.00	3781	49.87	49.06	1.56	2.41	47.52	100.08	100.11
PotentialHostGene_CS10-B-R86-Map3	5391	16924	7	2	6	2	85.11	11.57	69.20	74.90	87.17	95.20	97.00	2820.67	2704.17	60	120.00	2968.50	5400.00	5407	52.32	50.16	1.11	2.23	55.06	100.17	100.30
PotentialHostGene_CS10-B-R87-Map12	8046	2124	12	0	12	0	73.56	12.86	58.50	64.90	70.75	87.50	95.50	177.00	196.90	24	63.00	66.00	463.00	515	2.20	2.45	0.30	0.78	0.82	5.75	6.40
PotentialHostGene_CS10-L-B36-Map1	11369	26599	58	1	51	1	78.65	9.90	57.50	73.00	78.20	85.86	100.00	521.55	1560.26	21	189.00	246.00	479.00	11369	4.59	13.72	0.18	1.66	2.16	4.21	100.00
PotentialHostGene_CS10_RS_134	149	117	1	0	1	0	72.80	0.00	72.80	72.80	72.80	72.80	72.80	117.00	0.00	117	117.00	117.00	117.00	117	78.52	0.00	78.52	78.52	78.52	78.52	78.52
PotentialHostGene_CS10_RS_22	5814	40378	12	5	12	5	86.67	15.15	54.80	83.00	93.40	99.50	99.80	3364.83	2576.51	47	432.00	4225.50	5799.00	5804	57.87	44.32	0.81	7.43	72.68	99.74	99.83
PotentialHostGene_CS10_RS_64	1241	12810	31	0	31	0	68.53	4.67	56.20	66.00	69.50	72.10	78.30	413.23	241.57	28	201.00	369.00	634.00	781	33.30	19.47	2.26	16.20	29.73	51.09	62.93
PotentialHostGene_CS10_RS_76	539	3064	10	4	10	4	85.66	7.16	78.00	79.10	85.10	91.60	96.30	306.40	222.17	91	98.00	269.50	537.00	539	56.85	41.22	16.88	18.18	50.00	99.63	100.00
PotentialHostGene_CS10_RS_94	375	542	6	0	6	0	79.50	6.15	71.80	75.60	78.65	84.10	88.20	90.33	54.83	21	40.00	90.00	150.00	151	24.09	14.62	5.60	10.67	24.00	40.00	40.27
PotentialHostGene_Ptr_1CBFP-B-G184-Map3	4708	946	4	0	4	0	68.10	8.12	58.60	66.90	67.70	78.40	78.40	236.50	250.04	41	137.00	151.00	603.00	603	5.02	5.31	0.87	2.91	3.21	12.81	12.81
PotentialHostGene_Ptr_1CBFP-B-R116-Map5	2074	61	1	0	1	0	81.50	0.00	81.50	81.50	81.50	81.50	81.50	61.00	0.00	61	61.00	61.00	61.00	61	2.94	0.00	2.94	2.94	2.94	2.94	2.94
PotentialHostGene_Ptr_1CBFP-B-R209-Map4	1212	222	1	0	1	0	71.60	0.00	71.60	71.60	71.60	71.60	71.60	222.00	0.00	222	222.00	222.00	222.00	222	18.32	0.00	18.32	18.32	18.32	18.32	18.32
PotentialHostGene_Ptr_1CBFP-B-R249-Map3	4427	2931	1	0	1	0	83.20	0.00	83.20	83.20	83.20	83.20	83.20	2931.00	0.00	2931	2931.00	2931.00	2931.00	2931	66.21	0.00	66.21	66.21	66.21	66.21	66.21
PotentialHostGene_Ptr_1CBFP-B-R69-Map4	2229	1345	4	0	4	0	59.88	2.07	58.10	58.80	59.30	62.80	62.80	336.25	5.91	328	336.00	338.00	341.00	341	15.09	0.27	14.72	15.07	15.16	15.30	15.30
PotentialHostGene_Ptr_1CBFP-L-B136-Map1	5109	614	2	0	2	0	60.35	7.99	54.70	54.70	60.35	66.00	66.00	307.00	231.93	143	143.00	307.00	471.00	471	6.01	4.54	2.80	2.80	6.01	9.22	9.22
PotentialHostGene_Ptr_1CBFP-L-B144-Map1	4003	4907	3	0	3	0	68.93	5.98	62.10	62.10	71.50	73.20	73.20	1635.67	872.70	774	774.00	1614.00	2519.00	2519	40.86	21.80	19.34	19.34	40.32	62.93	62.93
PotentialHostGene_Ptr_1CBFP-L-B50-Map1	13455	4051	12	0	11	0	64.84	4.77	57.90	59.60	66.70	68.19	71.80	368.27	243.11	41	204.00	388.00	445.00	959	2.74	1.81	0.30	1.52	2.88	3.31	7.13
PotentialHostGene_Ptr_1CBFP_RS_113	957	477	2	0	2	0	66.55	10.68	59.00	59.00	66.55	74.10	74.10	238.50	301.93	25	25.00	238.50	452.00	452	24.92	31.55	2.61	2.61	24.92	47.23	47.23
PotentialHostGene_Ptr_1CBFP_RS_56	2196	20399	34	1	33	1	73.77	6.10	61.30	69.20	73.40	77.80	89.00	618.15	590.51	27	207.00	512.00	592.00	2202	28.15	26.89	1.23	9.43	23.32	26.96	100.27
PotentialHostGene_SN15_SOL-B-R155-Map3	4466	3184	2	0	2	0	65.10	4.95	61.60	61.60	65.10	68.60	68.60	1592.00	429.92	1288	1288.00	1592.00	1896.00	1896	35.65	9.63	28.84	28.84	35.65	42.45	42.45
PotentialHostGene_SN2000-B-R45-Map10	20072	38	1	0	1	0	89.20	0.00	89.20	89.20	89.20	89.20	89.20	38.00	0.00	38	38.00	38.00	38.00	38	0.19	0.00	0.19	0.19	0.19	0.19	0.19
PotentialHostGene_SN2000-L-B17-Map1	11972	4123	7	0	5	0	70.83	5.07	62.56	70.30	71.70	73.80	75.80	824.60	939.89	103	125.00	247.00	1514.00	2134	6.89	7.85	0.86	1.04	2.06	12.65	17.82
PotentialHostGene_SN79_1087-B-G1-Map20	7451	143	1	0	1	0	66.40	0.00	66.40	66.40	66.40	66.40	66.40	143.00	0.00	143	143.00	143.00	143.00	143	1.92	0.00	1.92	1.92	1.92	1.92	1.92
PotentialHostGene_SN79_1087-B-R25-Map11	5632	9171	5	0	5	0	73.10	10.32	60.50	71.10	71.10	73.60	89.20	1834.20	2306.02	36	174.00	243.00	4359.00	4359	32.57	40.94	0.64	3.09	4.31	77.40	77.40
PotentialHostGene_SN79_1087-L-B30-Map1	2676	1376	1	0	1	0	71.60	0.00	71.60	71.60	71.60	71.60	71.60	1376.00	0.00	1376	1376.00	1376.00	1376.00	1376	51.42	0.00	51.42	51.42	51.42	51.42	51.42
RIX-comp-chim_CS10-B-G141-Map3_reversed	6346	31331	14	2	14	2	94.58	9.95	68.10	95.80	99.10	99.60	99.90	2237.93	2496.91	31	162.00	1054.00	4466.00	6343	35.27	39.35	0.49	2.55	16.61	70.38	99.95
RIX-comp-chim_CS10-B-G150-Map3	12084	40333	21	1	16	1	91.80	10.46	68.10	89.76	95.90	99.60	100.00	2527.06	3473.56	32	229.00	953.50	5582.00	12367	20.91	28.75	0.26	1.90	7.89	46.19	102.34
RIX-comp-chim_CS10-B-G6-Map20	4461	12657	12	0	12	0	94.98	10.36	69.20	98.80	99.60	99.80	100.00	1054.75	589.22	32	536.00	1404.50	1490.00	1655	23.64	13.21	0.72	12.02	31.48	33.40	37.10
RIX-comp-chim_CS10-L-B35-Map1_reversed	12164	35697	16	1	15	1	88.43	9.12	72.20	78.10	88.80	98.20	99.80	2379.80	3347.27	70	154.00	891.00	3690.00	12207	19.56	27.52	0.58	1.27	7.32	30.34	100.35
RIX-comp-chim_CS10-L-B40-Map1	10442	22375	9	1	8	1	87.81	10.83	77.00	77.55	85.30	100.00	100.00	2796.88	3584.18	204	460.00	966.00	5017.00	10450	26.78	34.32	1.95	4.41	9.25	48.05	100.08
RIX-comp-chim_CS10-L-B7-Map5_reversed	13283	21468	14	0	13	0	85.11	11.85	67.40	75.30	89.60	95.50	100.00	1673.31	3864.70	31	66.00	78.00	254.00	12082	12.60	29.10	0.23	0.50	0.59	1.91	90.96
RIX-comp-chim_CS10_RS_3_reversed	16053	20490	19	0	15	0	80.66	10.76	64.36	71.40	80.40	92.80	96.80	1366.13	3194.59	41	194.00	538.00	830.00	12834	8.51	19.90	0.26	1.21	3.35	5.17	79.95
RIX-comp-chim_Ptr_1CBFP-L-B95-Map1_reversed	6186	277	6	0	6	0	89.38	5.08	84.00	84.80	89.65	93.90	94.30	46.17	18.04	32	33.00	41.00	51.00	79	0.75	0.29	0.52	0.53	0.66	0.82	1.28
RIX-comp_CS10-B-G147-Map5	5762	9163	7	0	6	0	85.38	18.78	57.80	66.50	93.99	100.00	100.00	1528.17	1373.44	21	52.00	1665.00	2832.00	2934	26.52	23.84	0.36	0.90	28.90	49.15	50.92
RIX-comp_CS10-B-G155-Map19	6228	3331	5	0	5	0	91.90	10.61	79.40	81.20	99.60	99.60	99.70	666.20	662.92	62	63.00	467.00	1369.00	1370	10.70	10.64	1.00	1.01	7.50	21.98	22.00
RIX-comp_CS10-B-G182-Map4	11998	86859	19	4	17	4	93.00	8.03	70.90	89.10	94.60	98.33	99.90	5109.35	4986.14	29	348.00	5991.00	10265.00	11997	42.59	41.56	0.24	2.90	49.93	85.56	99.99
RIX-comp_CS10-B-G43-Map4_reversed	1933	1507	1	0	1	0	99.10	0.00	99.10	99.10	99.10	99.10	99.10	1507.00	0.00	1507	1507.00	1507.00	1507.00	1507	77.96	0.00	77.96	77.96	77.96	77.96	77.96
RIX-comp_CS10-B-G75-Map19_reversed	2667	191	2	0	2	0	75.40	3.39	73.00	73.00	75.40	77.80	77.80	95.50	94.05	29	29.00	95.50	162.00	162	3.58	3.53	1.09	1.09	3.58	6.07	6.07
RIX-comp_CS10-B-R13-Map20	5822	35659	16	3	14	4	93.14	8.40	68.10	89.90	96.60	98.40	99.70	2547.07	2511.01	32	148.00	1784.50	5774.00	5786	43.75	43.13	0.55	2.54	30.65	99.18	99.38
RIX-comp_CS10-B-R206-Map3_reversed	7148	30038	36	2	33	2	78.85	7.94	59.60	73.60	77.60	83.10	96.90	910.24	1902.17	28	189.00	323.00	478.00	7147	12.73	26.61	0.39	2.64	4.52	6.69	99.99
RIX-comp_CS10-B-R238-Map3	2770	2063	4	0	4	0	92.53	8.17	85.10	85.80	92.70	99.60	99.60	515.75	413.67	106	213.00	542.50	872.00	872	18.62	14.93	3.83	7.69	19.58	31.48	31.48
RIX-comp_CS10-B-R90-Map13	6081	43381	10	6	10	6	96.71	3.56	87.70	95.80	97.15	99.40	99.50	4338.10	2280.21	668	1939.00	6060.50	6070.00	6078	71.34	37.50	10.99	31.89	99.66	99.82	99.95
RIX-comp_Ptr_1CBFP-B-G156-Map17_reversed	5955	404	2	0	1	0	55.12	0.00	55.12	55.12	55.12	55.12	55.12	404.00	0.00	404	404.00	404.00	404.00	404	6.78	0.00	6.78	6.78	6.78	6.78	6.78
RIX-comp_Ptr_1CBFP-B-R233-Map15_reversed	4012	36	1	0	1	0	93.90	0.00	93.90	93.90	93.90	93.90	93.90	36.00	0.00	36	36.00	36.00	36.00	36	0.90	0.00	0.90	0.90	0.90	0.90	0.90
RIX-comp_Ptr_1CBFP-B-R9-Map20	5977	3584	5	0	5	0	67.90	14.44	55.50	57.30	59.60	81.40	85.70	716.80	865.32	42	90.00	587.00	689.00	2176	11.99	14.48	0.70	1.51	9.82	11.53	36.41
RIX-incomp-chim_CS10-B-G162-Map4	8442	31285	15	0	11	0	90.10	7.77	77.30	82.60	90.66	98.40	99.68	2845.00	2630.96	36	204.00	3020.00	5616.00	7166	33.70	31.17	0.43	2.42	35.77	66.52	84.89
RIX-incomp-chim_CS10-B-R42-Map15	7265	14431	7	0	7	0	93.24	3.39	89.00	89.80	92.70	97.30	97.30	2061.57	1693.76	23	823.00	1703.00	4249.00	4414	28.38	23.31	0.32	11.33	23.44	58.49	60.76
RIX-incomp_CS10-B-G110-Map20_reversed	4583	276	2	0	2	0	87.00	7.92	81.40	81.40	87.00	92.60	92.60	138.00	93.34	72	72.00	138.00	204.00	204	3.01	2.04	1.57	1.57	3.01	4.45	4.45
RIX-incomp_CS10-B-G152-Map18	6001	13255	9	1	9	1	92.26	6.60	80.00	91.70	93.90	95.30	99.30	1472.78	1986.71	49	113.00	254.00	1848.00	5856	24.54	33.11	0.82	1.88	4.23	30.79	97.58
RIX-incomp_CS10-B-G290-Map20	1407	194	1	0	1	0	99.50	0.00	99.50	99.50	99.50	99.50	99.50	194.00	0.00	194	194.00	194.00	194.00	194	13.79	0.00	13.79	13.79	13.79	13.79	13.79
RIX-incomp_CS10-B-G78-Map3_reversed	2178	2186	1	1	1	1	99.50	0.00	99.50	99.50	99.50	99.50	99.50	2186.00	0.00	2186	2186.00	2186.00	2186.00	2186	100.37	0.00	100.37	100.37	100.37	100.37	100.37
RIX-incomp_CS10-B-P55.0-Map3	876	426	1	0	1	0	88.60	0.00	88.60	88.60	88.60	88.60	88.60	426.00	0.00	426	426.00	426.00	426.00	426	48.63	0.00	48.63	48.63	48.63	48.63	48.63
RIX-incomp_CS10-B-R156-Map4	5480	8933	8	0	7	0	97.31	7.02	81.40	99.80	100.00	100.00	100.00	1276.14	1559.73	35	36.00	1239.00	1510.00	4484	23.29	28.46	0.64	0.66	22.61	27.55	81.82
RIX-incomp_CS10-B-R59-Map20	16441	57719	48	2	40	2	89.06	9.25	71.43	83.00	92.19	96.70	100.00	1443.60	3700.05	27	58.00	174.50	824.00	16434	8.78	22.51	0.16	0.35	1.06	5.01	99.96
RIX-incomp_CS10-L-B30-Map1	13820	24701	17	1	16	1	93.54	10.74	65.30	96.50	98.05	99.10	100.00	1545.75	3341.15	23	80.00	675.50	1495.00	13820	11.18	24.18	0.17	0.58	4.89	10.82	100.00
RIX-incomp_CS10_RS_2	16859	33805	52	0	50	0	80.75	11.99	58.50	72.90	80.15	90.10	100.00	679.98	1205.77	24	65.00	142.50	1087.00	7236	4.03	7.15	0.14	0.39	0.85	6.45	42.92
RIX-incomp_Ptr_1CBFP-B-R98-Map5	1010	106	1	0	1	0	76.80	0.00	76.80	76.80	76.80	76.80	76.80	106.00	0.00	106	106.00	106.00	106.00	106	10.50	0.00	10.50	10.50	10.50	10.50	10.50
RLX-comp-chim_CS10-L-B109-Map1_reversed	5756	18482	12	3	12	3	87.14	8.23	71.70	83.40	85.35	95.40	100.00	1540.17	2544.14	22	79.00	220.50	5756.00	5759	26.76	44.20	0.38	1.37	3.83	100.00	100.05
RLX-comp-chim_CS10-L-B15-Map2	6311	9648	8	1	7	1	88.21	9.36	77.37	78.60	90.00	99.30	99.60	1378.29	2321.09	52	100.00	288.00	2356.00	6311	21.84	36.78	0.82	1.58	4.56	37.33	100.00
RLX-comp-chim_CS10-L-B34-Map1	12659	28409	11	1	9	1	84.59	13.70	60.50	83.20	88.68	91.40	100.00	3157.56	4399.78	21	206.00	554.00	6211.00	12659	24.94	34.76	0.17	1.63	4.38	49.06	100.00
RLX-comp-chim_CS10-L-B5-Map6	13739	9282	18	0	15	0	86.77	8.08	72.87	81.50	84.80	91.50	100.00	633.33	929.25	35	164.00	477.00	536.00	3815	4.61	6.76	0.25	1.19	3.47	3.90	27.77
RLX-comp-chim_CS10_RS_4_reversed	14429	13728	9	0	7	0	87.27	16.18	63.80	67.99	99.30	99.60	99.80	3027.57	3280.97	77	288.00	1595.00	7465.00	7465	20.98	22.74	0.53	2.00	11.05	51.74	51.74
RLX-comp-chim_CS10_RS_6	13662	54890	45	0	37	0	86.03	10.99	59.58	79.34	85.00	98.10	99.80	1609.97	2466.76	41	119.00	325.00	1447.00	10741	11.78	18.06	0.30	0.87	2.38	10.59	78.62
RLX-comp-chim_CS10_RS_8_reversed	12578	9106	13	0	12	0	91.58	15.64	61.12	99.90	100.00	100.00	100.00	816.17	1827.25	59	64.00	130.00	429.00	6438	6.49	14.53	0.47	0.51	1.03	3.41	51.18
RLX-comp-chim_CS10_RS_9	12122	12010	12	0	12	0	97.91	3.02	90.60	97.80	99.30	100.00	100.00	1027.08	1862.91	29	296.00	299.50	315.00	6212	8.47	15.37	0.24	2.44	2.47	2.60	51.25
RLX-comp-chim_Ptr_1CBFP-L-B107-Map1_reversed	5566	85	1	0	1	0	84.20	0.00	84.20	84.20	84.20	84.20	84.20	85.00	0.00	85	85.00	85.00	85.00	85	1.53	0.00	1.53	1.53	1.53	1.53	1.53
RLX-comp-chim_SN15_SOL-L-B11-Map1	19771	33	1	0	1	0	91.20	0.00	91.20	91.20	91.20	91.20	91.20	33.00	0.00	33	33.00	33.00	33.00	33	0.17	0.00	0.17	0.17	0.17	0.17	0.17
RLX-comp-chim_SN15_SOL-L-B21-Map1_reversed	15418	578	1	0	1	0	71.30	0.00	71.30	71.30	71.30	71.30	71.30	578.00	0.00	578	578.00	578.00	578.00	578	3.75	0.00	3.75	3.75	3.75	3.75	3.75
RLX-comp-chim_SN15_SOL_RS_4_reversed	17181	421	1	0	1	0	71.40	0.00	71.40	71.40	71.40	71.40	71.40	421.00	0.00	421	421.00	421.00	421.00	421	2.45	0.00	2.45	2.45	2.45	2.45	2.45
RLX-comp-chim_SN2000-L-B23-Map1_reversed	10838	567	3	0	3	0	70.23	0.81	69.30	69.30	70.70	70.70	70.70	189.00	249.99	28	28.00	62.00	477.00	477	1.74	2.31	0.26	0.26	0.57	4.40	4.40
RLX-comp-chim_SN2000-L-B30-Map1	9112	268	1	0	1	0	71.20	0.00	71.20	71.20	71.20	71.20	71.20	268.00	0.00	268	268.00	268.00	268.00	268	2.94	0.00	2.94	2.94	2.94	2.94	2.94
RLX-comp-chim_SN4-L-B19-Map1	16965	75	1	0	1	0	64.90	0.00	64.90	64.90	64.90	64.90	64.90	75.00	0.00	75	75.00	75.00	75.00	75	0.44	0.00	0.44	0.44	0.44	0.44	0.44
RLX-comp-chim_SN4_RS_6	12849	4230	3	0	2	0	68.91	13.56	59.33	59.33	68.91	78.50	78.50	2115.00	2862.37	91	91.00	2115.00	4139.00	4139	16.46	22.28	0.71	0.71	16.46	32.21	32.21
RLX-comp_CS10-B-G128-Map20	7343	31883	13	4	13	4	95.75	6.25	79.10	91.50	99.50	99.70	100.00	2461.31	3373.08	53	114.00	471.00	7280.00	7337	33.52	45.94	0.72	1.55	6.41	99.14	99.92
RLX-comp_CS10-B-G169-Map6_reversed	7467	21893	6	2	6	2	96.57	1.46	95.30	95.30	96.15	97.40	99.10	3689.00	3242.71	241	241.00	3360.50	7465.00	7466	49.40	43.43	3.23	3.23	45.00	99.97	99.99
RLX-comp_CS10-B-P25.24-Map9	6972	29288	27	1	22	1	89.94	11.84	69.10	78.30	98.70	99.80	99.80	1331.27	1628.81	79	113.00	886.00	2180.00	6954	19.09	23.36	1.13	1.62	12.71	31.27	99.74
RLX-comp_CS10-B-P4.2-Map13	6461	6743	6	1	6	1	95.95	4.69	90.50	90.50	97.35	100.00	100.00	1145.50	2601.41	35	59.00	97.00	130.00	6455	17.73	40.26	0.54	0.91	1.50	2.01	99.91
RLX-comp_CS10-B-P8.2-Map5	7330	16978	17	2	17	2	94.65	5.28	79.70	92.40	95.00	99.10	100.00	1438.18	2656.04	40	114.00	342.00	478.00	7317	19.62	36.24	0.55	1.56	4.67	6.52	99.82
RLX-comp_CS10-B-R10-Map20	6216	9616	6	0	5	0	98.82	1.77	95.70	99.30	99.30	99.79	100.00	1927.00	2383.52	296	296.00	300.00	3187.00	5556	31.00	38.34	4.76	4.76	4.83	51.27	89.38
RLX-comp_CS10-B-R159-Map5_reversed	7414	8608	5	1	3	1	80.65	17.33	63.65	63.65	80.00	98.30	98.30	2869.33	3960.96	117	117.00	1082.00	7409.00	7409	38.70	53.43	1.58	1.58	14.59	99.93	99.93
RLX-comp_CS10-B-R27-Map9	7372	13562	11	0	9	0	84.07	7.86	66.20	80.10	88.80	88.90	90.70	1506.89	2171.58	24	67.00	161.00	3274.00	5082	20.44	29.46	0.33	0.91	2.18	44.41	68.94
RLX-comp_CS10-B-R4-Map20_reversed	7432	11201	10	1	10	1	94.21	7.77	73.60	91.50	97.40	98.60	98.90	1131.50	2211.12	114	137.00	403.00	1055.00	7340	15.22	29.75	1.53	1.84	5.42	14.20	98.76
RLX-comp_CS10-L-B100-Map1	6211	298	2	0	1	0	94.50	0.00	94.50	94.50	94.50	94.50	94.50	313.00	0.00	313	313.00	313.00	313.00	313	5.04	0.00	5.04	5.04	5.04	5.04	5.04
RLX-comp_CS10-L-B103-Map1	6125	6128	1	1	1	1	100.00	0.00	100.00	100.00	100.00	100.00	100.00	6128.00	0.00	6128	6128.00	6128.00	6128.00	6128	100.05	0.00	100.05	100.05	100.05	100.05	100.05
RLX-comp_CS10-L-B106-Map1	5766	16554	9	2	9	2	84.78	11.52	67.70	77.50	90.50	92.60	100.00	1839.33	2354.84	22	234.00	907.00	2539.00	5766	31.90	40.84	0.38	4.06	15.73	44.03	100.00
RLX-comp_CS10-L-B37-Map1_reversed	11017	17784	46	1	37	1	81.99	8.72	64.40	75.20	82.50	89.10	100.00	480.81	1792.95	21	55.00	117.00	214.00	11017	4.36	16.27	0.19	0.50	1.06	1.94	100.00
RLX-comp_CS10-L-B56-Map1_reversed	7442	372	7	0	7	0	90.64	9.34	70.20	91.50	93.30	97.20	97.50	79.43	60.92	28	28.00	42.00	114.00	188	1.07	0.82	0.38	0.38	0.56	1.53	2.53
RLX-comp_CS10-L-B58-Map1	7380	1432	7	0	7	0	85.73	10.70	73.80	74.60	81.90	97.70	100.00	204.57	208.45	31	66.00	114.00	477.00	532	2.77	2.82	0.42	0.89	1.54	6.46	7.21
RLX-comp_CS10-L-B66-Map1	7339	1063	1	0	1	0	90.80	0.00	90.80	90.80	90.80	90.80	90.80	1063.00	0.00	1063	1063.00	1063.00	1063.00	1063	14.48	0.00	14.48	14.48	14.48	14.48	14.48
RLX-comp_CS10-L-B73-Map1_reversed	7211	1194	4	0	4	0	76.17	1.39	74.70	75.50	76.05	77.90	77.90	298.50	130.80	184	192.00	283.00	444.00	444	4.14	1.81	2.55	2.66	3.92	6.16	6.16
RLX-comp_CS10-L-B84-Map1	6457	30280	36	1	31	1	78.59	7.85	64.30	73.20	77.50	83.50	100.00	976.77	1590.77	31	71.00	371.00	962.00	6457	15.13	24.64	0.48	1.10	5.75	14.90	100.00
RLX-comp_CS10-L-B92-Map1_reversed	6324	8732	11	1	9	1	84.38	9.32	67.40	81.28	82.60	89.50	100.00	971.11	2032.67	48	114.00	217.00	489.00	6324	15.36	32.14	0.76	1.80	3.43	7.73	100.00
RLX-comp_Ptr_1CBFP-B-G231-Map8	5919	33	1	0	1	0	91.20	0.00	91.20	91.20	91.20	91.20	91.20	33.00	0.00	33	33.00	33.00	33.00	33	0.56	0.00	0.56	0.56	0.56	0.56	0.56
RLX-comp_Ptr_1CBFP-B-R68-Map14	5832	396	5	0	5	0	79.64	4.74	72.70	78.60	78.80	83.30	84.80	79.20	32.55	45	47.00	82.00	111.00	111	1.36	0.56	0.77	0.81	1.41	1.90	1.90
RLX-comp_Ptr_1CBFP-L-B104-Map1_reversed	5678	176	1	0	1	0	66.50	0.00	66.50	66.50	66.50	66.50	66.50	176.00	0.00	176	176.00	176.00	176.00	176	3.10	0.00	3.10	3.10	3.10	3.10	3.10
RLX-comp_Ptr_1CBFP-L-B121-Map1	5415	93	2	0	2	0	86.35	0.49	86.00	86.00	86.35	86.70	86.70	46.50	2.12	45	45.00	46.50	48.00	48	0.86	0.04	0.83	0.83	0.86	0.89	0.89
RLX-comp_Ptr_1CBFP-L-B124-Map1_reversed	5401	97	1	0	1	0	76.50	0.00	76.50	76.50	76.50	76.50	76.50	97.00	0.00	97	97.00	97.00	97.00	97	1.80	0.00	1.80	1.80	1.80	1.80	1.80
RLX-comp_Ptr_1CBFP-L-B129-Map1	5326	23	1	0	1	0	68.90	0.00	68.90	68.90	68.90	68.90	68.90	23.00	0.00	23	23.00	23.00	23.00	23	0.43	0.00	0.43	0.43	0.43	0.43	0.43
RLX-comp_Ptr_1CBFP-L-B25-Map3	5168	1638	2	0	1	0	57.67	0.00	57.67	57.67	57.67	57.67	57.67	1638.00	0.00	1638	1638.00	1638.00	1638.00	1638	31.70	0.00	31.70	31.70	31.70	31.70	31.70
RLX-comp_Ptr_1CBFP-L-B87-Map1	6762	154	1	0	1	0	71.40	0.00	71.40	71.40	71.40	71.40	71.40	154.00	0.00	154	154.00	154.00	154.00	154	2.28	0.00	2.28	2.28	2.28	2.28	2.28
RLX-comp_SN15_SOL-L-B9-Map1_reversed	22122	29	1	0	1	0	93.10	0.00	93.10	93.10	93.10	93.10	93.10	29.00	0.00	29	29.00	29.00	29.00	29	0.13	0.00	0.13	0.13	0.13	0.13	0.13
RLX-comp_SN2000-L-B7-Map1	18439	27	1	0	1	0	96.30	0.00	96.30	96.30	96.30	96.30	96.30	27.00	0.00	27	27.00	27.00	27.00	27	0.15	0.00	0.15	0.15	0.15	0.15	0.15
RLX-comp_SN4-L-B35-Map1_reversed	12525	26	1	0	1	0	96.30	0.00	96.30	96.30	96.30	96.30	96.30	26.00	0.00	26	26.00	26.00	26.00	26	0.21	0.00	0.21	0.21	0.21	0.21	0.21
RLX-comp_SN4-L-B73-Map1	7897	201	1	0	1	0	71.00	0.00	71.00	71.00	71.00	71.00	71.00	201.00	0.00	201	201.00	201.00	201.00	201	2.55	0.00	2.55	2.55	2.55	2.55	2.55
RLX-incomp-chim_CS10-B-G165-Map3_reversed	12148	13363	10	1	10	1	95.40	7.36	77.00	96.30	97.80	100.00	100.00	1336.30	3818.86	34	57.00	113.50	220.00	12202	11.00	31.44	0.28	0.47	0.93	1.81	100.44
RLX-incomp-chim_CS10-B-G180-Map9_reversed	13215	172654	42	2	35	3	96.06	7.80	68.81	97.10	99.20	99.80	100.00	4935.49	3671.39	64	544.00	6218.00	6441.00	13160	37.35	27.78	0.48	4.12	47.05	48.74	99.58
RLX-incomp-chim_CS10-B-G20-Map20	13424	24243	26	0	19	0	92.90	9.15	70.53	86.76	97.10	100.00	100.00	1275.95	2110.50	44	229.00	300.00	965.00	6840	9.50	15.72	0.33	1.71	2.23	7.19	50.95
RLX-incomp-chim_CS10-B-G9-Map20	13135	44322	39	0	35	1	87.24	9.27	67.20	78.80	87.28	93.80	100.00	1282.86	2748.27	33	85.00	297.00	779.00	13115	9.77	20.92	0.25	0.65	2.26	5.93	99.85
RLX-incomp-chim_CS10-B-P24.2-Map19	6644	14304	14	2	14	2	98.26	3.32	88.20	98.50	99.85	100.00	100.00	1055.21	2324.30	22	59.00	97.00	300.00	6660	15.88	34.98	0.33	0.89	1.46	4.52	100.24
RLX-incomp-chim_CS10-L-B11-Map4	5513	22560	9	4	8	4	85.96	16.50	63.90	68.40	93.70	100.00	100.00	2820.00	2871.42	72	167.00	2847.00	5510.00	5512	51.15	52.08	1.31	3.03	51.64	99.95	99.98
RLX-incomp-chim_CS10-L-B22-Map1_reversed	22528	115936	97	1	68	1	84.15	6.95	64.40	79.30	84.35	90.10	100.00	1708.07	3351.67	20	171.00	429.00	1843.00	22528	7.58	14.88	0.09	0.76	1.90	8.18	100.00
RLX-incomp-chim_CS10-L-B24-Map1	21126	318104	109	1	64	1	80.39	7.10	55.10	76.50	80.95	84.60	100.00	4974.94	4765.56	25	998.00	3953.00	7337.00	21126	23.55	22.56	0.12	4.72	18.71	34.73	100.00
RLX-incomp-chim_CS10-L-B3-Map10_reversed	9238	2087	6	0	6	0	93.33	5.06	85.00	91.50	93.60	96.30	100.00	347.83	211.19	40	114.00	478.00	486.00	491	3.77	2.29	0.43	1.23	5.17	5.26	5.32
RLX-incomp-chim_CS10-L-B32-Map1_reversed	13677	15752	25	1	25	1	89.12	9.56	64.00	85.00	90.90	96.30	100.00	630.08	2720.69	26	31.00	42.00	73.00	13677	4.61	19.89	0.19	0.23	0.31	0.53	100.00
RLX-incomp-chim_CS10-L-B38-Map1	10990	15020	22	0	19	0	90.11	8.78	60.26	88.60	91.44	94.10	100.00	792.53	1103.82	22	41.00	294.00	1270.00	4264	7.21	10.04	0.20	0.37	2.68	11.56	38.80
RLX-incomp-chim_CS10-L-B4-Map7_reversed	11299	12120	10	0	9	0	85.12	10.61	69.10	82.20	86.70	89.90	98.50	1624.33	2281.70	79	241.00	325.00	2180.00	6966	14.38	20.19	0.70	2.13	2.88	19.29	61.65
RLX-incomp-chim_CS10-L-B6-Map6	9826	599	3	0	3	0	91.10	0.69	90.30	90.30	91.50	91.50	91.50	237.67	214.20	114	114.00	114.00	485.00	485	2.42	2.18	1.16	1.16	1.16	4.94	4.94
RLX-incomp-chim_CS10-L-B82-Map1	6842	42746	49	1	39	1	95.08	8.06	73.50	90.84	99.50	100.00	100.00	1128.87	1579.32	31	199.00	390.00	1357.00	6842	16.50	23.08	0.45	2.91	5.70	19.83	100.00
RLX-incomp-chim_CS10_RS_10_reversed	10713	17503	18	0	15	0	73.71	9.50	64.00	68.00	68.40	79.79	100.00	1479.47	2058.69	29	165.00	194.00	3651.00	5500	13.81	19.22	0.27	1.54	1.81	34.08	51.34
RLX-incomp-chim_CS10_RS_5_reversed	14187	26628	19	0	13	0	87.11	10.03	63.70	84.80	88.91	91.50	100.00	2065.85	3298.71	39	114.00	477.00	1129.00	9605	14.56	23.25	0.27	0.80	3.36	7.96	67.70
RLX-incomp-chim_Ptr_1CBFP-B-P67.4-Map3_reversed	5364	10819	9	0	6	0	75.53	2.84	71.63	72.70	76.27	77.11	79.20	1803.17	2256.79	98	278.00	521.50	4482.00	4918	33.62	42.07	1.83	5.18	9.72	83.56	91.69
RLX-incomp-chim_Ptr_1CBFP-L-B132-Map1	5266	339	5	0	5	0	82.28	7.54	72.80	76.90	84.30	85.40	92.00	67.80	36.90	41	50.00	51.00	65.00	132	1.29	0.70	0.78	0.95	0.97	1.23	2.51
RLX-incomp-chim_Ptr_1CBFP-L-B28-Map2	12314	32	1	0	1	0	90.60	0.00	90.60	90.60	90.60	90.60	90.60	32.00	0.00	32	32.00	32.00	32.00	32	0.26	0.00	0.26	0.26	0.26	0.26	0.26
RLX-incomp-chim_Ptr_1CBFP-L-B46-Map1_reversed	18426	8299	34	0	32	0	90.91	9.59	64.20	88.90	93.45	96.80	100.00	259.34	1178.94	21	29.00	32.50	44.00	6709	1.41	6.40	0.11	0.16	0.18	0.24	36.41
RLX-incomp-chim_Ptr_1CBFP_RS_9_reversed	10362	270	2	0	2	0	68.20	0.00	68.20	68.20	68.20	68.20	68.20	135.00	18.38	122	122.00	135.00	148.00	148	1.30	0.18	1.18	1.18	1.30	1.43	1.43
RLX-incomp-chim_SN15_SOL-L-B24-Map1	14221	24	1	0	1	0	60.70	0.00	60.70	60.70	60.70	60.70	60.70	24.00	0.00	24	24.00	24.00	24.00	24	0.17	0.00	0.17	0.17	0.17	0.17	0.17
RLX-incomp-chim_SN15_SOL-L-B8-Map1_reversed	22211	73	1	0	1	0	82.40	0.00	82.40	82.40	82.40	82.40	82.40	73.00	0.00	73	73.00	73.00	73.00	73	0.33	0.00	0.33	0.33	0.33	0.33	0.33
RLX-incomp-chim_SN2000-L-B4-Map1	23182	4778	8	0	5	0	71.60	6.39	62.50	68.20	74.10	74.10	79.10	955.60	1071.16	169	169.00	281.00	1649.00	2510	4.12	4.62	0.73	0.73	1.21	7.11	10.83
RLX-incomp-chim_SN4-B-R9-Map20	17632	845	1	0	1	0	68.90	0.00	68.90	68.90	68.90	68.90	68.90	845.00	0.00	845	845.00	845.00	845.00	845	4.79	0.00	4.79	4.79	4.79	4.79	4.79
RLX-incomp-chim_SN4-L-B31-Map1	13416	50	2	0	2	0	74.65	26.38	56.00	56.00	74.65	93.30	93.30	25.00	5.66	21	21.00	25.00	29.00	29	0.19	0.04	0.16	0.16	0.19	0.22	0.22
RLX-incomp-chim_SN4-L-B7-Map1	21254	2705	1	0	1	0	70.60	0.00	70.60	70.60	70.60	70.60	70.60	2705.00	0.00	2705	2705.00	2705.00	2705.00	2705	12.73	0.00	12.73	12.73	12.73	12.73	12.73
RLX-incomp-chim_SN79_1087-L-B1-Map1	19424	388	2	0	2	0	77.60	8.49	71.60	71.60	77.60	83.60	83.60	194.00	186.68	62	62.00	194.00	326.00	326	1.00	0.96	0.32	0.32	1.00	1.68	1.68
RLX-incomp-chim_SN79_1087-L-B13-Map1	9711	199	1	0	1	0	74.00	0.00	74.00	74.00	74.00	74.00	74.00	199.00	0.00	199	199.00	199.00	199.00	199	2.05	0.00	2.05	2.05	2.05	2.05	2.05
RLX-incomp-chim_SN79_1087-L-B27-Map1_reversed	6401	613	1	0	1	0	58.90	0.00	58.90	58.90	58.90	58.90	58.90	613.00	0.00	613	613.00	613.00	613.00	613	9.58	0.00	9.58	9.58	9.58	9.58	9.58
RLX-incomp-chim_SN79_1087-L-B7-Map1	14882	21	1	0	1	0	62.70	0.00	62.70	62.70	62.70	62.70	62.70	21.00	0.00	21	21.00	21.00	21.00	21	0.14	0.00	0.14	0.14	0.14	0.14	0.14
RLX-incomp_CS10-B-G12-Map20	15462	26503	16	0	14	0	87.77	13.11	60.70	82.10	93.90	97.60	100.00	1893.07	3586.78	41	82.00	216.50	1838.00	12646	12.24	23.20	0.27	0.53	1.40	11.89	81.79
RLX-incomp_CS10-B-G121-Map15_reversed	4006	3870	13	0	13	0	97.15	6.44	77.30	99.10	99.80	100.00	100.00	297.69	132.45	41	199.00	376.00	387.00	459	7.43	3.31	1.02	4.97	9.39	9.66	11.46
RLX-incomp_CS10-B-G144-Map6_reversed	5504	18860	10	4	9	4	87.03	15.72	64.00	68.40	95.10	100.00	100.00	2706.67	2689.08	104	194.00	1607.00	5500.00	5502	49.18	48.86	1.89	3.52	29.20	99.93	99.96
RLX-incomp_CS10-B-G148-Map5_reversed	5488	7249	21	0	20	0	94.58	7.80	74.40	90.30	99.35	100.00	100.00	364.50	553.13	37	101.00	185.00	386.00	1943	6.64	10.08	0.67	1.84	3.37	7.03	35.40
RLX-incomp_CS10-B-G15-Map3	12605	64276	25	0	24	0	96.49	7.64	64.77	97.20	99.30	99.80	100.00	2683.58	2881.17	59	296.00	768.50	6215.00	6444	21.29	22.86	0.47	2.35	6.10	49.31	51.12
RLX-incomp_CS10-B-G160-Map4_reversed	12606	138011	42	0	39	0	93.75	7.91	70.80	90.60	96.80	99.30	100.00	3547.05	2886.27	64	301.00	4711.00	6391.00	6546	28.14	22.90	0.51	2.39	37.37	50.70	51.93
RLX-incomp_CS10-B-G172-Map3	12609	22370	18	0	18	0	95.79	7.30	75.80	94.20	99.90	100.00	100.00	1253.56	2319.65	44	78.00	252.50	764.00	6391	9.94	18.40	0.35	0.62	2.00	6.06	50.69
RLX-incomp_CS10-B-G178-Map10_reversed	12710	106965	41	1	35	1	95.43	6.97	74.20	93.90	98.70	100.00	100.00	3086.83	3349.32	21	281.00	315.00	6215.00	12771	24.29	26.35	0.17	2.21	2.48	48.90	100.48
RLX-incomp_CS10-B-G18-Map8	12426	143669	46	1	34	2	91.37	9.05	68.57	86.90	95.89	97.50	100.00	4225.56	3432.52	44	1361.00	4735.50	6213.00	12416	34.01	27.62	0.35	10.95	38.11	50.00	99.92
RLX-incomp_CS10-B-G2-Map20_reversed	10154	9114	10	0	8	0	83.14	5.66	72.90	82.40	83.60	87.80	91.50	1143.62	2012.27	21	152.00	238.50	2086.00	5839	11.26	19.82	0.21	1.50	2.35	20.54	57.50
RLX-incomp_CS10-B-G272-Map4	1037	404	4	0	4	0	84.70	10.29	75.20	76.80	83.80	96.00	96.00	101.00	16.43	84	93.00	99.00	122.00	122	9.74	1.58	8.10	8.97	9.55	11.76	11.76
RLX-incomp_CS10-B-G34-Map9	3502	95	3	0	2	0	72.90	14.71	62.50	62.50	72.90	83.30	83.30	47.50	6.36	43	43.00	47.50	52.00	52	1.36	0.18	1.23	1.23	1.36	1.48	1.48
RLX-incomp_CS10-B-G37-Map6	2156	1035	5	0	4	0	88.97	8.31	78.19	86.70	90.90	95.90	95.90	258.75	186.93	158	165.00	169.00	539.00	539	12.00	8.67	7.33	7.65	7.84	25.00	25.00
RLX-incomp_CS10-B-G5-Map20_reversed	14274	227732	83	0	57	0	87.93	10.11	63.10	80.90	91.79	95.90	100.00	3998.82	3322.36	52	477.00	4355.00	6403.00	12759	28.01	23.28	0.36	3.34	30.51	44.86	89.39
RLX-incomp_CS10-B-G7-Map20_reversed	12745	38688	13	0	10	0	93.52	7.12	75.20	92.00	94.55	97.50	100.00	3869.10	2896.34	125	281.00	5041.00	6218.00	7060	30.36	22.73	0.98	2.20	39.55	48.79	55.39
RLX-incomp_CS10-B-G8-Map20	12027	1566	6	0	6	0	94.42	7.64	80.20	91.50	97.55	99.70	100.00	261.00	144.76	81	114.00	297.00	300.00	477	2.17	1.20	0.67	0.95	2.47	2.49	3.97
RLX-incomp_CS10-B-P15.31-Map3	1821	543	3	0	3	0	70.53	3.40	66.70	66.70	71.70	73.20	73.20	181.00	84.18	110	110.00	159.00	274.00	274	9.94	4.62	6.04	6.04	8.73	15.05	15.05
RLX-incomp_CS10-B-P16.30-Map3	493	1816	5	2	5	2	84.68	9.47	73.90	78.00	82.50	94.30	94.70	363.20	163.64	139	239.00	454.00	491.00	493	73.67	33.19	28.19	48.48	92.09	99.59	100.00
RLX-incomp_CS10-B-P52.3-Map3	6216	25015	25	1	21	1	88.63	4.38	73.47	87.20	88.80	91.40	95.70	1191.19	1749.56	41	310.00	509.00	1133.00	6215	19.16	28.15	0.66	4.99	8.19	18.23	99.98
RLX-incomp_CS10-B-R106-Map5_reversed	2946	769	3	0	3	0	85.63	3.04	82.20	82.20	86.70	88.00	88.00	256.33	184.22	46	46.00	334.00	389.00	389	8.70	6.25	1.56	1.56	11.34	13.20	13.20
RLX-incomp_CS10-B-R115-Map3	1643	2585	3	0	3	0	93.67	3.12	90.10	90.10	95.00	95.90	95.90	861.67	542.07	242	242.00	1095.00	1248.00	1248	52.44	32.99	14.73	14.73	66.65	75.96	75.96
RLX-incomp_CS10-B-R147-Map3	1053	2032	10	1	10	1	89.33	3.52	85.20	85.80	88.55	92.90	94.00	203.20	300.59	35	127.00	127.00	127.00	1053	19.30	28.55	3.32	12.06	12.06	12.06	100.00
RLX-incomp_CS10-B-R18-Map4	1734	1315	4	0	4	0	91.17	7.47	80.00	94.40	94.55	95.60	95.60	328.75	276.19	36	170.00	317.50	644.00	644	18.96	15.93	2.08	9.80	18.31	37.14	37.14
RLX-incomp_CS10-B-R227-Map4	938	929	4	0	4	0	96.67	6.45	87.00	99.70	99.85	100.00	100.00	232.25	122.49	49	281.00	289.00	302.00	302	24.76	13.06	5.22	29.96	30.81	32.20	32.20
RLX-incomp_CS10-B-R28-Map20	7388	9350	10	1	10	1	92.68	8.16	76.70	91.50	94.80	99.10	100.00	955.80	2267.31	37	94.00	163.00	494.00	7386	12.94	30.69	0.50	1.27	2.21	6.69	99.97
RLX-incomp_CS10-B-R30-Map6	4036	1550	6	0	6	0	91.25	2.02	89.50	89.70	90.60	92.50	94.60	258.33	129.56	53	217.00	242.00	397.00	399	6.40	3.21	1.31	5.38	6.00	9.84	9.89
RLX-incomp_CS10-B-R32-Map20_reversed	6847	10081	8	0	7	0	88.32	5.85	79.80	80.70	91.20	92.70	93.70	1440.14	1555.86	344	461.00	728.00	1930.00	4719	21.03	22.72	5.02	6.73	10.63	28.19	68.92
RLX-incomp_CS10-B-R45-Map5	1162	1236	3	0	3	0	87.97	5.75	82.30	82.30	87.80	93.80	93.80	412.00	141.18	328	328.00	333.00	575.00	575	35.46	12.15	28.23	28.23	28.66	49.48	49.48
RLX-incomp_CS10-B-R47-Map4	503	1026	3	2	3	2	91.13	12.09	77.20	77.20	97.40	98.80	98.80	342.00	277.99	21	21.00	502.00	503.00	503	67.99	55.27	4.17	4.17	99.80	100.00	100.00
RLX-incomp_CS10-B-R9-Map6	3021	179	1	0	1	0	91.80	0.00	91.80	91.80	91.80	91.80	91.80	179.00	0.00	179	179.00	179.00	179.00	179	5.93	0.00	5.93	5.93	5.93	5.93	5.93
RLX-incomp_CS10-L-B110-Map1	5730	22942	24	1	19	1	86.47	7.70	65.87	80.40	86.30	91.40	100.00	1209.11	1714.33	37	180.00	458.00	1753.00	5730	21.10	29.92	0.65	3.14	7.99	30.59	100.00
RLX-incomp_CS10-L-B114-Map1_reversed	5169	8415	6	1	6	1	85.50	11.87	73.50	74.70	82.40	100.00	100.00	1402.50	2099.54	54	66.00	245.00	2636.00	5169	27.13	40.62	1.04	1.28	4.74	51.00	100.00
RLX-incomp_CS10-L-B125-Map1_reversed	2792	3505	4	1	3	1	93.45	6.90	86.25	86.25	94.10	100.00	100.00	1168.33	1433.06	80	80.00	633.00	2792.00	2792	41.85	51.33	2.87	2.87	22.67	100.00	100.00
RLX-incomp_CS10-L-B14-Map2	7267	4223	15	0	15	0	91.19	8.71	72.90	86.10	90.50	98.40	99.80	281.53	181.02	21	148.00	234.00	495.00	517	3.87	2.49	0.29	2.04	3.22	6.81	7.11
RLX-incomp_CS10-L-B45-Map1_reversed	8971	24844	19	1	17	1	91.96	9.91	69.40	89.41	95.40	99.50	100.00	1462.35	2558.76	27	115.00	477.00	1482.00	8971	16.30	28.52	0.30	1.28	5.32	16.52	100.00
RLX-incomp_CS10-L-B46-Map1	8804	113152	51	2	41	4	85.94	5.15	76.10	83.40	87.00	89.20	100.00	2759.80	2736.09	52	394.00	1812.00	3880.00	8809	31.35	31.08	0.59	4.48	20.58	44.07	100.06
RLX-incomp_CS10-L-B48-Map1	8397	1598	7	0	6	0	89.34	9.71	77.57	79.20	89.65	100.00	100.00	266.33	192.48	33	85.00	291.50	412.00	485	3.17	2.29	0.39	1.01	3.47	4.91	5.78
RLX-incomp_CS10-L-B53-Map1	7473	6635	5	0	3	0	83.02	7.23	75.70	75.70	83.20	90.16	90.16	2211.67	3484.54	113	113.00	288.00	6234.00	6234	29.60	46.63	1.51	1.51	3.85	83.42	83.42
RLX-incomp_CS10-L-B54-Map1_reversed	7463	8272	8	1	7	1	85.73	8.23	77.43	78.10	87.90	89.40	100.00	1185.43	2769.44	26	26.00	177.00	235.00	7463	15.88	37.11	0.35	0.35	2.37	3.15	100.00
RLX-incomp_CS10-L-B57-Map1	7432	900	6	0	5	0	85.74	13.80	67.00	75.70	92.40	93.61	100.00	180.00	142.08	39	80.00	145.00	242.00	394	2.42	1.91	0.52	1.08	1.95	3.26	5.30
RLX-incomp_CS10-L-B61-Map1	7344	6260	8	0	8	0	86.30	7.07	72.20	85.30	90.00	91.80	91.80	800.25	1139.28	108	168.00	175.00	2381.00	2877	10.90	15.51	1.47	2.29	2.38	32.42	39.17
RLX-incomp_CS10-L-B69-Map1	7327	10122	9	1	8	1	90.47	6.99	79.10	89.66	91.75	97.30	100.00	1363.25	2426.92	114	338.00	641.50	880.00	7327	18.61	33.12	1.56	4.61	8.76	12.01	100.00
RLX-incomp_CS10-L-B76-Map1_reversed	7133	1683	4	0	4	0	89.02	8.12	81.70	84.30	87.20	100.00	100.00	420.75	418.74	81	169.00	296.00	1010.00	1010	5.90	5.87	1.14	2.37	4.15	14.16	14.16
RLX-incomp_CS10-L-B77-Map1_reversed	7095	8130	6	0	6	0	76.52	6.79	69.70	73.10	74.80	77.30	89.40	1355.00	2516.62	24	131.00	220.00	1106.00	6429	19.10	35.47	0.34	1.85	3.10	15.59	90.61
RLX-incomp_CS10_RS_31_reversed	3618	5139	8	0	6	0	88.54	3.46	82.60	87.40	89.10	90.16	92.90	856.50	450.22	372	457.00	782.50	1178.00	1567	23.67	12.44	10.28	12.63	21.63	32.56	43.31
RLX-incomp_CS10_RS_34_reversed	2853	20599	36	1	33	1	88.55	6.30	65.70	86.50	91.10	92.30	94.20	624.21	705.64	29	170.00	375.00	780.00	2851	21.88	24.73	1.02	5.96	13.14	27.34	99.93
RLX-incomp_CS10_RS_37	2473	54	1	0	1	0	82.70	0.00	82.70	82.70	82.70	82.70	82.70	54.00	0.00	54	54.00	54.00	54.00	54	2.18	0.00	2.18	2.18	2.18	2.18	2.18
RLX-incomp_CS10_RS_88_reversed	422	2104	7	3	7	3	91.77	10.75	67.50	94.50	95.70	96.50	97.50	300.57	160.07	76	79.00	383.00	423.00	432	71.23	37.93	18.01	18.72	90.76	100.24	102.37
RLX-incomp_Ptr_1CBFP-B-P45.12-Map7	6039	96	1	0	1	0	77.40	0.00	77.40	77.40	77.40	77.40	77.40	96.00	0.00	96	96.00	96.00	96.00	96	1.59	0.00	1.59	1.59	1.59	1.59	1.59
RLX-incomp_Ptr_1CBFP-B-R192-Map13	6315	728	4	0	4	0	79.10	9.35	69.30	74.20	78.25	90.60	90.60	182.00	185.31	32	50.00	132.50	431.00	431	2.88	2.93	0.51	0.79	2.10	6.83	6.83
RLX-incomp_Ptr_1CBFP-B-R214-Map10	5381	40	1	0	1	0	89.50	0.00	89.50	89.50	89.50	89.50	89.50	40.00	0.00	40	40.00	40.00	40.00	40	0.74	0.00	0.74	0.74	0.74	0.74	0.74
RLX-incomp_Ptr_1CBFP-B-R291-Map3_reversed	2785	261	1	0	1	0	70.00	0.00	70.00	70.00	70.00	70.00	70.00	261.00	0.00	261	261.00	261.00	261.00	261	9.37	0.00	9.37	9.37	9.37	9.37	9.37
RLX-incomp_Ptr_1CBFP-B-R92-Map13	1730	127	1	0	1	0	92.20	0.00	92.20	92.20	92.20	92.20	92.20	127.00	0.00	127	127.00	127.00	127.00	127	7.34	0.00	7.34	7.34	7.34	7.34	7.34
RLX-incomp_Ptr_1CBFP-L-B113-Map1_reversed	5527	5987	4	0	2	0	66.67	5.42	62.84	62.84	66.67	70.50	70.50	2993.50	1782.62	1733	1733.00	2993.50	4254.00	4254	54.16	32.25	31.36	31.36	54.16	76.97	76.97
RLX-incomp_Ptr_1CBFP-L-B114-Map1	5526	36	1	0	1	0	63.20	0.00	63.20	63.20	63.20	63.20	63.20	36.00	0.00	36	36.00	36.00	36.00	36	0.65	0.00	0.65	0.65	0.65	0.65	0.65
RLX-incomp_Ptr_1CBFP-L-B157-Map1	2016	142	2	0	2	0	85.75	10.39	78.40	78.40	85.75	93.10	93.10	71.00	59.40	29	29.00	71.00	113.00	113	3.52	2.95	1.44	1.44	3.52	5.61	5.61
RLX-incomp_Ptr_1CBFP-L-B162-Map1	1672	1539	3	0	3	0	64.83	5.96	58.70	58.70	65.20	70.60	70.60	513.00	440.49	85	85.00	489.00	965.00	965	30.68	26.35	5.08	5.08	29.25	57.72	57.72
RLX-incomp_Ptr_1CBFP-L-B89-Map1	6574	934	6	0	6	0	76.60	11.39	61.10	68.20	77.05	82.10	94.10	155.67	142.47	34	68.00	89.00	253.00	401	2.37	2.17	0.52	1.03	1.35	3.85	6.10
RLX-incomp_Ptr_1CBFP_RS_23	5342	15573	11	0	7	1	74.79	3.01	69.77	72.70	74.70	76.53	79.10	2224.71	1690.52	278	337.00	2443.00	2492.00	5325	41.65	31.65	5.20	6.31	45.73	46.65	99.68
RLX-incomp_SN15_SOL-B-R50-Map20	7434	709	2	0	2	0	74.55	5.59	70.60	70.60	74.55	78.50	78.50	354.50	382.54	84	84.00	354.50	625.00	625	4.77	5.15	1.13	1.13	4.77	8.41	8.41
RLX-incomp_SN15_SOL-L-B39-Map1	9020	129	1	0	1	0	78.00	0.00	78.00	78.00	78.00	78.00	78.00	129.00	0.00	129	129.00	129.00	129.00	129	1.43	0.00	1.43	1.43	1.43	1.43	1.43
RLX-incomp_SN2000-L-B50-Map1_reversed	8270	27	1	0	1	0	96.30	0.00	96.30	96.30	96.30	96.30	96.30	27.00	0.00	27	27.00	27.00	27.00	27	0.33	0.00	0.33	0.33	0.33	0.33	0.33
RLX-incomp_SN4-B-G48-Map7	2534	43	1	0	1	0	70.20	0.00	70.20	70.20	70.20	70.20	70.20	43.00	0.00	43	43.00	43.00	43.00	43	1.70	0.00	1.70	1.70	1.70	1.70	1.70
RLX-incomp_SN4-L-B21-Map1	15637	24	1	0	1	0	62.80	0.00	62.80	62.80	62.80	62.80	62.80	24.00	0.00	24	24.00	24.00	24.00	24	0.15	0.00	0.15	0.15	0.15	0.15	0.15
RLX-incomp_SN4-L-B48-Map1	8989	293	1	0	1	0	71.40	0.00	71.40	71.40	71.40	71.40	71.40	293.00	0.00	293	293.00	293.00	293.00	293	3.26	0.00	3.26	3.26	3.26	3.26	3.26
RLX-incomp_SN4-L-B83-Map1	6449	366	4	0	4	0	80.33	6.54	72.60	77.50	80.75	87.20	87.20	91.50	49.43	45	53.00	90.50	140.00	140	1.42	0.77	0.70	0.82	1.40	2.17	2.17
RLX-incomp_SN79_1087-L-B21-Map1_reversed	7424	199	1	0	1	0	73.60	0.00	73.60	73.60	73.60	73.60	73.60	199.00	0.00	199	199.00	199.00	199.00	199	2.68	0.00	2.68	2.68	2.68	2.68	2.68
RPX-incomp-chim_CS10-B-G167-Map11_reversed	8021	146538	49	7	37	8	92.73	8.31	68.56	92.10	96.30	98.80	99.50	3961.05	3422.63	21	422.00	4985.00	7583.00	7891	49.38	42.67	0.26	5.26	62.15	94.54	98.38
RPX-incomp-chim_Ptr_1CBFP-L-B48-Map1	15029	7376	18	0	17	0	84.09	11.58	63.30	79.70	87.20	93.50	100.00	433.88	1052.75	25	31.00	44.00	175.00	4322	2.89	7.00	0.17	0.21	0.29	1.16	28.76
RSX-incomp-chim_CS10-B-R226-Map3	533	71	2	0	1	0	100.00	0.00	100.00	100.00	100.00	100.00	100.00	71.00	0.00	71	71.00	71.00	71.00	71	13.32	0.00	13.32	13.32	13.32	13.32	13.32
RXX-chim_SN15_SOL-L-B63-Map1_reversed	7690	190	2	0	2	0	83.70	13.29	74.30	74.30	83.70	93.10	93.10	95.00	93.34	29	29.00	95.00	161.00	161	1.24	1.21	0.38	0.38	1.24	2.09	2.09
RXX-chim_SN4-L-B86-Map1	6094	281	1	0	1	0	72.50	0.00	72.50	72.50	72.50	72.50	72.50	281.00	0.00	281	281.00	281.00	281.00	281	4.61	0.00	4.61	4.61	4.61	4.61	4.61
RXX-LARD-chim_Ptr_1CBFP-L-B54-Map1	13205	6732	2	0	1	0	77.47	0.00	77.47	77.47	77.47	77.47	77.47	6732.00	0.00	6732	6732.00	6732.00	6732.00	6732	50.98	0.00	50.98	50.98	50.98	50.98	50.98
RXX-LARD-chim_Ptr_1CBFP-L-B59-Map1	10367	4376	5	0	5	0	79.24	11.63	67.90	70.30	74.80	89.70	93.50	875.20	1094.59	31	41.00	514.00	1129.00	2661	8.44	10.56	0.30	0.40	4.96	10.89	25.67
RXX-LARD-chim_Ptr_1CBFP-L-B64-Map1	8981	5349	6	0	5	0	69.36	5.77	60.31	67.20	71.80	72.70	74.80	1069.80	966.04	176	343.00	695.00	1697.00	2438	11.91	10.76	1.96	3.82	7.74	18.90	27.15
RXX-LARD-chim_Ptr_1CBFP-L-B72-Map1	8277	5130	6	0	3	0	70.81	3.91	68.15	68.15	68.99	75.30	75.30	1710.00	1349.86	759	759.00	1116.00	3255.00	3255	20.66	16.31	9.17	9.17	13.48	39.33	39.33
RXX-LARD-chim_SN15_SOL-L-B5-Map1	24531	279	1	0	1	0	68.50	0.00	68.50	68.50	68.50	68.50	68.50	279.00	0.00	279	279.00	279.00	279.00	279	1.14	0.00	1.14	1.14	1.14	1.14	1.14
RXX-LARD-chim_SN15_SOL-L-B62-Map1	7807	24	1	0	1	0	61.30	0.00	61.30	61.30	61.30	61.30	61.30	24.00	0.00	24	24.00	24.00	24.00	24	0.31	0.00	0.31	0.31	0.31	0.31	0.31
RXX-LARD-chim_SN4-L-B72-Map1_reversed	8270	150	1	0	1	0	74.00	0.00	74.00	74.00	74.00	74.00	74.00	150.00	0.00	150	150.00	150.00	150.00	150	1.81	0.00	1.81	1.81	1.81	1.81	1.81
RXX-LARD_CS10-B-G185-Map5	19026	21204	5	1	5	1	96.88	2.58	95.00	95.00	95.00	99.50	99.90	4281.20	8283.82	101	101.00	101.00	2083.00	19020	22.50	43.54	0.53	0.53	0.53	10.95	99.97
RXX-LARD_CS10-L-B111-Map1	5547	38763	10	5	10	5	87.40	14.73	64.10	70.10	94.00	99.50	100.00	3876.30	2473.99	57	432.00	5358.00	5547.00	5581	69.88	44.60	1.03	7.79	96.59	100.00	100.61
RXX-LARD_CS10-L-B118-Map1	4203	7574	9	0	9	0	76.00	11.71	58.70	72.00	75.30	77.90	100.00	841.56	1156.55	33	55.00	86.00	1613.00	3212	20.02	27.52	0.79	1.31	2.05	38.38	76.42
RXX-LARD_CS10-L-B126-Map1	2501	2542	4	0	4	0	97.05	5.57	88.70	99.50	99.75	100.00	100.00	635.50	899.33	28	194.00	272.00	1970.00	1970	25.41	35.96	1.12	7.76	10.88	78.77	78.77
RXX-LARD_CS10-L-B127-Map1	2451	16924	77	1	67	1	86.03	7.64	69.69	80.70	85.66	91.20	100.00	253.00	297.58	21	149.00	209.00	299.00	2451	10.32	12.14	0.86	6.08	8.53	12.20	100.00
RXX-LARD_CS10-L-B128-Map1	2441	3510	7	1	7	1	92.07	6.75	83.90	85.20	91.70	99.20	100.00	501.43	866.04	21	66.00	157.00	417.00	2441	20.54	35.48	0.86	2.70	6.43	17.08	100.00
RXX-LARD_CS10-L-B49-Map1	8193	45056	15	3	13	3	73.02	11.82	60.50	65.80	69.40	76.70	100.00	3465.85	3604.30	27	74.00	1454.00	7213.00	8193	42.30	43.99	0.33	0.90	17.75	88.04	100.00
RXX-LARD_CS10-L-B9-Map4	23986	63038	6	2	6	2	97.18	2.74	94.10	95.00	97.20	99.80	99.80	10540.00	11897.96	101	101.00	7560.50	23364.00	24553	43.94	49.60	0.42	0.42	31.52	97.41	102.36
RXX-LARD_CS10_RS_1	20014	17030	4	0	4	0	94.78	3.24	90.60	95.00	95.00	98.50	98.50	4282.75	8409.56	32	101.00	101.00	16897.00	16897	21.40	42.02	0.16	0.50	0.50	84.43	84.43
RXX-LARD_Ptr_1CBFP-B-P73.54-Map3	1482	419	5	0	5	0	81.38	4.13	77.00	79.50	80.30	82.10	88.00	83.80	32.97	47	64.00	77.00	99.00	132	5.65	2.22	3.17	4.32	5.20	6.68	8.91
RXX-LARD_Ptr_1CBFP-L-B126-Map1	5349	269	4	0	4	0	88.38	10.05	74.20	88.90	91.00	97.30	97.30	67.25	43.14	36	37.00	52.50	128.00	128	1.26	0.81	0.67	0.69	0.98	2.39	2.39
RXX-LARD_Ptr_1CBFP-L-B155-Map1	3024	123	1	0	1	0	75.40	0.00	75.40	75.40	75.40	75.40	75.40	123.00	0.00	123	123.00	123.00	123.00	123	4.07	0.00	4.07	4.07	4.07	4.07	4.07
RXX-LARD_Ptr_1CBFP-L-B163-Map1	1584	1283	7	0	7	0	72.69	3.03	68.40	70.40	72.20	74.80	77.40	183.29	128.20	103	134.00	141.00	148.00	472	11.57	8.09	6.50	8.46	8.90	9.34	29.80
RXX-LARD_SN15_SOL-L-B1-Map3	9439	1240	2	0	2	0	76.35	11.38	68.30	68.30	76.35	84.40	84.40	620.00	814.59	44	44.00	620.00	1196.00	1196	6.57	8.63	0.47	0.47	6.57	12.67	12.67
RXX-LARD_SN15_SOL-L-B10-Map1	20406	275	2	0	2	0	72.65	2.62	70.80	70.80	72.65	74.50	74.50	137.50	72.83	86	86.00	137.50	189.00	189	0.67	0.36	0.42	0.42	0.67	0.93	0.93
RXX-LARD_SN15_SOL-L-B50-Map1	8691	94	1	0	1	0	68.00	0.00	68.00	68.00	68.00	68.00	68.00	94.00	0.00	94	94.00	94.00	94.00	94	1.08	0.00	1.08	1.08	1.08	1.08	1.08
RXX-LARD_SN15_SOL-L-B64-Map1	7654	86	1	0	1	0	76.10	0.00	76.10	76.10	76.10	76.10	76.10	86.00	0.00	86	86.00	86.00	86.00	86	1.12	0.00	1.12	1.12	1.12	1.12	1.12
RXX-LARD_SN15_SOL-L-B85-Map1	3381	4454	38	0	38	0	74.61	2.85	68.60	72.40	74.50	77.30	79.00	117.21	43.05	26	123.00	133.00	140.00	171	3.47	1.27	0.77	3.64	3.93	4.14	5.06
RXX-LARD_SN15_SOL_RS_1	20014	295	3	0	3	0	85.90	10.70	73.80	73.80	89.80	94.10	94.10	98.33	38.07	59	59.00	101.00	135.00	135	0.49	0.19	0.29	0.29	0.50	0.67	0.67
RXX-LARD_SN2000-L-B13-Map1	14891	21	1	0	1	0	85.70	0.00	85.70	85.70	85.70	85.70	85.70	21.00	0.00	21	21.00	21.00	21.00	21	0.14	0.00	0.14	0.14	0.14	0.14	0.14
RXX-LARD_SN2000-L-B55-Map1	6213	110	1	0	1	0	77.40	0.00	77.40	77.40	77.40	77.40	77.40	110.00	0.00	110	110.00	110.00	110.00	110	1.77	0.00	1.77	1.77	1.77	1.77	1.77
RXX-LARD_SN2000-L-B63-Map1	3273	2261	2	0	1	0	67.34	0.00	67.34	67.34	67.34	67.34	67.34	2261.00	0.00	2261	2261.00	2261.00	2261.00	2261	69.08	0.00	69.08	69.08	69.08	69.08	69.08
RXX-LARD_SN4-B-G160-Map3	19899	160	4	0	4	0	91.95	2.48	89.80	89.80	91.95	94.10	94.10	80.00	24.25	59	59.00	80.00	101.00	101	0.40	0.12	0.30	0.30	0.40	0.51	0.51
RXX-LARD_SN4-L-B22-Map1	14998	619	2	0	2	0	75.75	21.43	60.60	60.60	75.75	90.90	90.90	309.50	392.44	32	32.00	309.50	587.00	587	2.06	2.62	0.21	0.21	2.06	3.91	3.91
RXX-LARD_SN4-L-B23-Map1	14985	587	1	0	1	0	60.60	0.00	60.60	60.60	60.60	60.60	60.60	587.00	0.00	587	587.00	587.00	587.00	587	3.92	0.00	3.92	3.92	3.92	3.92	3.92
RXX-LARD_SN4-L-B29-Map1	14474	587	1	0	1	0	60.60	0.00	60.60	60.60	60.60	60.60	60.60	587.00	0.00	587	587.00	587.00	587.00	587	4.06	0.00	4.06	4.06	4.06	4.06	4.06
RXX-LARD_SN4-L-B6-Map1	21339	97	1	0	1	0	76.00	0.00	76.00	76.00	76.00	76.00	76.00	97.00	0.00	97	97.00	97.00	97.00	97	0.45	0.00	0.45	0.45	0.45	0.45	0.45
RXX-LARD_SN4-L-B93-Map1	3310	129	1	0	1	0	74.00	0.00	74.00	74.00	74.00	74.00	74.00	129.00	0.00	129	129.00	129.00	129.00	129	3.90	0.00	3.90	3.90	3.90	3.90	3.90
RXX-LARD_SN79_1087-B-R45-Map8	9403	40	1	0	1	0	85.40	0.00	85.40	85.40	85.40	85.40	85.40	40.00	0.00	40	40.00	40.00	40.00	40	0.43	0.00	0.43	0.43	0.43	0.43	0.43
RXX-LARD_SN79_1087-L-B28-Map1	5876	293	2	0	2	0	72.15	2.76	70.20	70.20	72.15	74.10	74.10	146.50	12.02	138	138.00	146.50	155.00	155	2.49	0.20	2.35	2.35	2.49	2.64	2.64
RXX-LARD_SN79_1087-L-B32-Map1	2536	221	3	0	2	0	67.15	12.66	58.20	58.20	67.15	76.10	76.10	110.50	33.23	87	87.00	110.50	134.00	134	4.36	1.31	3.43	3.43	4.36	5.28	5.28
RXX-TRIM_CS10-L-B129-Map1	1792	109	1	0	1	0	93.40	0.00	93.40	93.40	93.40	93.40	93.40	109.00	0.00	109	109.00	109.00	109.00	109	6.08	0.00	6.08	6.08	6.08	6.08	6.08
RXX-TRIM_CS10-L-B130-Map1	1675	3078	9	0	9	0	76.84	13.30	67.50	68.00	71.80	73.20	100.00	358.44	470.98	37	46.00	102.00	493.00	1315	21.40	28.12	2.21	2.75	6.09	29.43	78.51
RXX-TRIM_Ptr_1CBFP-L-B167-Map1	1512	5212	11	0	10	0	74.19	12.89	58.40	60.00	80.50	85.80	86.30	559.20	385.70	101	190.00	566.50	853.00	1109	36.98	25.51	6.68	12.57	37.47	56.42	73.35
RXX_CS10_RS_27	4955	8922	7	1	7	1	88.19	5.28	78.50	85.00	90.70	92.60	92.80	1274.57	1893.86	190	190.00	252.00	2870.00	4940	25.72	38.22	3.83	3.83	5.09	57.92	99.70
RXX_SN4-B-G4-Map20	10607	120	1	0	1	0	77.70	0.00	77.70	77.70	77.70	77.70	77.70	120.00	0.00	120	120.00	120.00	120.00	120	1.13	0.00	1.13	1.13	1.13	1.13	1.13
RYX-incomp-chim_CS10-B-G1-Map20	5925	312	3	0	3	0	98.03	2.17	95.70	95.70	98.40	100.00	100.00	104.00	49.93	47	47.00	125.00	140.00	140	1.76	0.84	0.79	0.79	2.11	2.36	2.36
RYX-incomp-chim_CS10-B-G10-Map17_reversed	12788	42720	21	0	15	0	92.19	7.41	72.50	86.27	95.60	97.50	99.30	2848.53	3601.98	41	296.00	619.00	5886.00	12129	22.28	28.17	0.32	2.31	4.84	46.03	94.85
RYX-incomp-chim_CS10-B-G13-Map12_reversed	13072	55976	39	0	33	0	93.46	7.75	68.40	89.90	96.60	99.30	100.00	1705.79	2466.99	22	296.00	305.00	1728.00	7449	13.05	18.87	0.17	2.26	2.33	13.22	56.98
RYX-incomp-chim_CS10-B-G137-Map5_reversed	7267	16314	15	1	13	1	92.18	7.65	75.30	85.70	93.50	98.90	99.60	1254.92	2395.21	25	180.00	296.00	380.00	7016	17.27	32.96	0.34	2.48	4.07	5.23	96.55
RYX-incomp-chim_CS10-B-G157-Map20	6249	158	1	0	1	0	86.30	0.00	86.30	86.30	86.30	86.30	86.30	158.00	0.00	158	158.00	158.00	158.00	158	2.53	0.00	2.53	2.53	2.53	2.53	2.53
RYX-incomp-chim_CS10-B-G16-Map20	6656	3485	16	0	16	0	94.26	7.22	77.00	91.10	97.45	100.00	100.00	272.81	112.15	24	281.00	297.00	332.00	482	4.10	1.68	0.36	4.22	4.46	4.99	7.24
RYX-incomp-chim_CS10-B-G164-Map6_reversed	12657	106085	29	0	26	1	98.01	4.00	82.90	98.50	99.20	99.80	100.00	4085.19	3420.93	64	315.00	6209.00	6394.00	12182	32.28	27.03	0.51	2.49	49.06	50.52	96.25
RYX-incomp-chim_CS10-B-G168-Map4_reversed	8084	8677	3	1	3	1	86.13	9.05	77.20	77.20	85.90	95.30	95.30	2892.33	4613.50	21	21.00	442.00	8214.00	8214	35.78	57.07	0.26	0.26	5.47	101.61	101.61
RYX-incomp-chim_CS10-B-G17-Map20_reversed	11973	2906	16	0	15	0	94.84	8.10	77.80	89.03	99.70	100.00	100.00	272.40	193.07	25	156.00	297.00	302.00	853	2.28	1.61	0.21	1.30	2.48	2.52	7.12
RYX-incomp-chim_CS10-B-G176-Map3_reversed	11731	25044	33	0	28	1	87.40	8.85	63.40	81.70	88.60	94.10	99.70	896.11	2386.58	28	39.00	66.00	323.00	11259	7.64	20.34	0.24	0.33	0.56	2.75	95.98
RYX-incomp-chim_CS10-B-G177-Map4_reversed	11011	1416	9	0	9	0	99.22	1.11	96.80	99.30	99.60	100.00	100.00	178.89	110.12	59	64.00	130.00	296.00	311	1.62	1.00	0.54	0.58	1.18	2.69	2.82
RYX-incomp-chim_CS10-B-G19-Map20	14598	38614	27	0	19	0	83.91	8.50	72.79	75.01	84.08	90.40	100.00	2048.47	2803.73	25	142.00	547.00	5757.00	7748	14.03	19.21	0.17	0.97	3.75	39.44	53.08
RYX-incomp-chim_CS10-L-B1-Map20_reversed	20820	393068	139	0	112	0	88.52	10.78	62.50	81.20	92.05	98.00	100.00	3515.68	3297.98	37	302.00	2751.00	6212.00	13379	16.89	15.84	0.18	1.45	13.21	29.84	64.26
RYX-incomp-chim_CS10-L-B2-Map20	7544	397	4	0	4	0	92.95	7.16	83.10	93.10	94.35	100.00	100.00	99.25	96.25	22	23.00	76.50	222.00	222	1.32	1.28	0.29	0.30	1.01	2.94	2.94
RYX-incomp-chim_CS10-L-B52-Map1	7496	1145	6	0	6	0	79.62	7.70	65.60	76.70	81.70	85.20	86.80	190.83	174.69	48	62.00	146.00	244.00	499	2.55	2.33	0.64	0.83	1.95	3.26	6.66
RYX-incomp-chim_CS10-L-B8-Map5	8783	85	2	0	2	0	75.55	10.25	68.30	68.30	75.55	82.80	82.80	42.50	28.99	22	22.00	42.50	63.00	63	0.48	0.33	0.25	0.25	0.48	0.72	0.72
RYX-incomp-chim_Ptr_1CBFP-B-G232-Map5_reversed	6760	583	3	0	3	0	79.97	8.66	71.10	71.10	80.40	88.40	88.40	194.33	130.79	44	44.00	257.00	282.00	282	2.87	1.93	0.65	0.65	3.80	4.17	4.17
RYX-incomp-chim_Ptr_1CBFP-L-B100-Map1	5954	36	1	0	1	0	63.20	0.00	63.20	63.20	63.20	63.20	63.20	36.00	0.00	36	36.00	36.00	36.00	36	0.60	0.00	0.60	0.60	0.60	0.60	0.60
RYX-incomp-chim_SN2000-B-G3-Map20	16895	262	1	0	1	0	71.20	0.00	71.20	71.20	71.20	71.20	71.20	262.00	0.00	262	262.00	262.00	262.00	262	1.55	0.00	1.55	1.55	1.55	1.55	1.55
RYX-incomp-chim_SN2000-B-R4-Map20_reversed	9543	166	1	0	1	0	73.50	0.00	73.50	73.50	73.50	73.50	73.50	166.00	0.00	166	166.00	166.00	166.00	166	1.74	0.00	1.74	1.74	1.74	1.74	1.74
RYX-incomp-chim_SN2000-L-B1-Map20_reversed	25423	100	1	0	1	0	76.30	0.00	76.30	76.30	76.30	76.30	76.30	100.00	0.00	100	100.00	100.00	100.00	100	0.39	0.00	0.39	0.39	0.39	0.39	0.39
RYX-incomp-chim_SN4-L-B25-Map1	14796	24	1	0	1	0	60.70	0.00	60.70	60.70	60.70	60.70	60.70	24.00	0.00	24	24.00	24.00	24.00	24	0.16	0.00	0.16	0.16	0.16	0.16	0.16
XXX-chim_CS10-L-B25-Map1_reversed	20930	157997	154	1	109	1	87.56	10.12	60.70	80.16	87.38	97.50	100.00	1471.27	2873.93	21	194.00	477.00	1483.00	20930	7.03	13.73	0.10	0.93	2.28	7.09	100.00
XXX-chim_CS10-L-B31-Map1_reversed	13679	16071	15	1	15	1	81.84	9.89	67.10	71.50	83.10	88.80	100.00	1071.40	3496.01	22	28.00	61.00	308.00	13679	7.83	25.56	0.16	0.20	0.45	2.25	100.00
XXX-chim_SN79_1087-L-B8-Map1_reversed	12902	145	2	0	2	0	74.35	13.36	64.90	64.90	74.35	83.80	83.80	72.50	0.71	72	72.00	72.50	73.00	73	0.56	0.01	0.56	0.56	0.56	0.57	0.57
