TE	length	covg	frags	fullLgthFrags	copies	fullLgthCopies	meanId	sdId	minId	q25Id	medId	q75Id	maxId	meanLgth	sdLgth	minLgth	q25Lgth	medLgth	q75Lgth	maxLgth	meanLgthPerc	sdLgthPerc	minLgthPerc	q25LgthPerc	medLgthPerc	q75LgthPerc	maxLgthPerc
DHX-incomp_CS10-B-G138-Map19_reversed	6578	513	6	0	6	0	80.98	3.63	76.70	77.90	80.40	85.10	85.40	85.50	25.59	40	73.00	94.50	99.00	112	1.30	0.39	0.61	1.11	1.44	1.51	1.70
DHX-incomp_CS10-B-G139-Map20	6718	733	7	0	7	0	78.24	3.62	73.40	75.80	77.80	79.40	85.10	104.71	18.01	73	93.00	109.00	117.00	128	1.56	0.27	1.09	1.38	1.62	1.74	1.91
DHX-incomp_CS10-B-G140-Map5_reversed	5735	674	5	0	5	0	78.52	2.49	75.90	77.20	77.40	80.00	82.10	134.80	113.19	78	82.00	83.00	94.00	337	2.35	1.97	1.36	1.43	1.45	1.64	5.88
DHX-incomp_CS10-B-G145-Map3_reversed	6579	93	1	0	1	0	79.00	0.00	79.00	79.00	79.00	79.00	79.00	93.00	0.00	93	93.00	93.00	93.00	93	1.41	0.00	1.41	1.41	1.41	1.41	1.41
DHX-incomp_CS10-B-G22-Map20_reversed	7636	1528	11	0	11	0	84.42	13.58	62.40	71.90	81.80	98.50	100.00	138.91	102.85	31	60.00	154.00	177.00	396	1.82	1.35	0.41	0.79	2.02	2.32	5.19
DHX-incomp_CS10_RS_12	7347	250	3	0	3	0	67.20	7.07	61.20	61.20	65.40	75.00	75.00	83.33	27.39	59	59.00	78.00	113.00	113	1.13	0.37	0.80	0.80	1.06	1.54	1.54
DHX-incomp_Ptr_1CBFP-B-R311-Map3_reversed	1246	992	10	0	10	0	78.30	5.97	73.20	73.80	76.95	79.50	93.30	99.20	41.50	30	73.00	93.50	133.00	161	7.96	3.33	2.41	5.86	7.50	10.67	12.92
DMX-incomp_SN15_SOL-B-R31-Map20	23505	102	1	0	1	0	75.70	0.00	75.70	75.70	75.70	75.70	75.70	102.00	0.00	102	102.00	102.00	102.00	102	0.43	0.00	0.43	0.43	0.43	0.43	0.43
DMX-incomp_SN4-B-R24-Map20	14733	16734	2	1	2	1	86.80	7.50	81.50	81.50	86.80	92.10	92.10	8367.00	9982.93	1308	1308.00	8367.00	15426.00	15426	56.79	67.76	8.88	8.88	56.79	104.70	104.70
DTX-comp-chim_Ptr_1CBFP-B-G241-Map3_reversed	8160	112	2	0	2	0	91.80	1.27	90.90	90.90	91.80	92.70	92.70	56.00	16.97	44	44.00	56.00	68.00	68	0.69	0.21	0.54	0.54	0.69	0.83	0.83
DTX-comp-chim_Ptr_1CBFP-L-B152-Map1	3195	68	1	0	1	0	92.70	0.00	92.70	92.70	92.70	92.70	92.70	68.00	0.00	68	68.00	68.00	68.00	68	2.13	0.00	2.13	2.13	2.13	2.13	2.13
DTX-comp_CS10-B-G50-Map6	1879	1541	2	0	1	0	58.27	0.00	58.27	58.27	58.27	58.27	58.27	1541.00	0.00	1541	1541.00	1541.00	1541.00	1541	82.01	0.00	82.01	82.01	82.01	82.01	82.01
DTX-comp_CS10-B-G67-Map7_reversed	1858	206	1	0	1	0	72.60	0.00	72.60	72.60	72.60	72.60	72.60	206.00	0.00	206	206.00	206.00	206.00	206	11.09	0.00	11.09	11.09	11.09	11.09	11.09
DTX-comp_CS10-B-P35.17-Map20	2162	35	1	0	1	0	88.60	0.00	88.60	88.60	88.60	88.60	88.60	35.00	0.00	35	35.00	35.00	35.00	35	1.62	0.00	1.62	1.62	1.62	1.62	1.62
DTX-comp_CS10_RS_00	14080	1448	6	0	6	0	77.87	9.25	68.50	72.70	74.35	83.50	93.80	241.33	161.78	100	107.00	217.00	269.00	538	1.71	1.15	0.71	0.76	1.54	1.91	3.82
DTX-comp_CS10_RS_49	1849	370	1	0	1	0	70.10	0.00	70.10	70.10	70.10	70.10	70.10	370.00	0.00	370	370.00	370.00	370.00	370	20.01	0.00	20.01	20.01	20.01	20.01	20.01
DTX-comp_Ptr_1CBFP-B-G144-Map3	3133	367	1	0	1	0	87.30	0.00	87.30	87.30	87.30	87.30	87.30	367.00	0.00	367	367.00	367.00	367.00	367	11.71	0.00	11.71	11.71	11.71	11.71	11.71
DTX-comp_Ptr_1CBFP-B-G36-Map7_reversed	2121	693	1	0	1	0	72.80	0.00	72.80	72.80	72.80	72.80	72.80	693.00	0.00	693	693.00	693.00	693.00	693	32.67	0.00	32.67	32.67	32.67	32.67	32.67
DTX-comp_Ptr_1CBFP-B-G40-Map9_reversed	1948	809	4	0	4	0	77.82	6.76	69.30	75.50	79.20	83.60	83.60	202.25	136.92	87	140.00	161.50	399.00	399	10.38	7.03	4.47	7.19	8.29	20.48	20.48
DTX-comp_Ptr_1CBFP-B-G55-Map12	2153	982	1	0	1	0	74.30	0.00	74.30	74.30	74.30	74.30	74.30	982.00	0.00	982	982.00	982.00	982.00	982	45.61	0.00	45.61	45.61	45.61	45.61	45.61
DTX-comp_Ptr_1CBFP-B-G58-Map5	1849	844	2	0	2	0	73.95	1.20	73.10	73.10	73.95	74.80	74.80	422.00	190.92	287	287.00	422.00	557.00	557	22.82	10.33	15.52	15.52	22.82	30.12	30.12
DTX-comp_Ptr_1CBFP-B-G66-Map20_reversed	1890	159	1	0	1	0	72.80	0.00	72.80	72.80	72.80	72.80	72.80	159.00	0.00	159	159.00	159.00	159.00	159	8.41	0.00	8.41	8.41	8.41	8.41	8.41
DTX-comp_Ptr_1CBFP-B-G84-Map3_reversed	2103	62	1	0	1	0	79.70	0.00	79.70	79.70	79.70	79.70	79.70	62.00	0.00	62	62.00	62.00	62.00	62	2.95	0.00	2.95	2.95	2.95	2.95	2.95
DTX-comp_Ptr_1CBFP-B-G89-Map6	2102	1660	2	0	2	0	82.30	14.99	71.70	71.70	82.30	92.90	92.90	830.00	1134.20	28	28.00	830.00	1632.00	1632	39.49	53.96	1.33	1.33	39.49	77.64	77.64
DTX-comp_Ptr_1CBFP-B-G90-Map7_reversed	2114	421	2	0	2	0	85.70	9.90	78.70	78.70	85.70	92.70	92.70	210.50	201.53	68	68.00	210.50	353.00	353	9.96	9.53	3.22	3.22	9.96	16.70	16.70
DTX-comp_Ptr_1CBFP-B-G94-Map14	2123	314	2	0	2	0	77.55	5.87	73.40	73.40	77.55	81.70	81.70	157.00	67.88	109	109.00	157.00	205.00	205	7.40	3.20	5.13	5.13	7.40	9.66	9.66
DTX-comp_Ptr_1CBFP-B-P34.3-Map13_reversed	2124	1016	4	0	3	0	81.31	16.31	62.63	62.63	88.60	92.70	92.70	338.67	489.74	44	44.00	68.00	904.00	904	15.94	23.06	2.07	2.07	3.20	42.56	42.56
DTX-comp_Ptr_1CBFP-B-R16-Map5	1871	323	2	0	2	0	83.25	0.49	82.90	82.90	83.25	83.60	83.60	161.50	30.41	140	140.00	161.50	183.00	183	8.63	1.63	7.48	7.48	8.63	9.78	9.78
DTX-comp_Ptr_1CBFP-B-R219-Map3	2142	207	1	0	1	0	63.10	0.00	63.10	63.10	63.10	63.10	63.10	207.00	0.00	207	207.00	207.00	207.00	207	9.66	0.00	9.66	9.66	9.66	9.66	9.66
DTX-comp_Ptr_1CBFP-B-R60-Map20_reversed	2127	2197	3	1	3	1	79.83	18.53	58.60	58.60	88.20	92.70	92.70	732.33	1156.73	61	61.00	68.00	2068.00	2068	34.43	54.38	2.87	2.87	3.20	97.23	97.23
DTX-comp_Ptr_1CBFP-B-R88-Map16	3021	96	2	0	2	0	70.90	12.16	62.30	62.30	70.90	79.50	79.50	48.00	36.77	22	22.00	48.00	74.00	74	1.59	1.22	0.73	0.73	1.59	2.45	2.45
DTX-comp_SN4-B-G57-Map8	1855	23	1	0	1	0	57.70	0.00	57.70	57.70	57.70	57.70	57.70	23.00	0.00	23	23.00	23.00	23.00	23	1.24	0.00	1.24	1.24	1.24	1.24	1.24
DTX-comp_SN4-B-P6.1-Map3	1293	121	3	0	3	0	94.17	10.10	82.50	82.50	100.00	100.00	100.00	40.33	19.30	25	25.00	34.00	62.00	62	3.12	1.49	1.93	1.93	2.63	4.80	4.80
DTX-comp_SN4-B-R50-Map10	1845	30	1	0	1	0	66.20	0.00	66.20	66.20	66.20	66.20	66.20	30.00	0.00	30	30.00	30.00	30.00	30	1.63	0.00	1.63	1.63	1.63	1.63	1.63
DTX-comp_SN4_RS_28_reversed	2112	4195	3	1	2	2	92.57	0.18	92.44	92.44	92.57	92.70	92.70	2097.50	19.09	2084	2084.00	2097.50	2111.00	2111	99.31	0.90	98.67	98.67	99.31	99.95	99.95
DTX-comp_SN79_1087-B-G26-Map7_reversed	1862	1850	1	1	1	1	93.80	0.00	93.80	93.80	93.80	93.80	93.80	1850.00	0.00	1850	1850.00	1850.00	1850.00	1850	99.36	0.00	99.36	99.36	99.36	99.36	99.36
DTX-comp_SN79_1087-B-G30-Map10_reversed	1874	1866	1	1	1	1	93.60	0.00	93.60	93.60	93.60	93.60	93.60	1866.00	0.00	1866	1866.00	1866.00	1866.00	1866	99.57	0.00	99.57	99.57	99.57	99.57	99.57
DTX-comp_SN79_1087-B-R15-Map17_reversed	1854	1844	1	1	1	1	94.50	0.00	94.50	94.50	94.50	94.50	94.50	1844.00	0.00	1844	1844.00	1844.00	1844.00	1844	99.46	0.00	99.46	99.46	99.46	99.46	99.46
DTX-comp_SN79_1087_RS_16_reversed	1851	235	1	0	1	0	66.80	0.00	66.80	66.80	66.80	66.80	66.80	235.00	0.00	235	235.00	235.00	235.00	235	12.70	0.00	12.70	12.70	12.70	12.70	12.70
DTX-incomp-chim_CS10-B-R137-Map5	4054	2278	6	0	4	0	66.58	7.83	60.60	61.89	63.95	77.80	77.80	569.50	621.97	63	279.00	373.00	1469.00	1469	14.05	15.34	1.55	6.88	9.20	36.24	36.24
DTX-incomp-chim_CS10-B-R61-Map5	7716	1580	3	0	3	0	68.47	0.64	68.10	68.10	68.10	69.20	69.20	526.67	250.04	274	274.00	532.00	774.00	774	6.83	3.24	3.55	3.55	6.89	10.03	10.03
DTX-incomp-chim_CS10-L-B117-Map1	4230	746	4	0	4	0	61.53	1.78	60.60	60.60	60.65	64.20	64.20	256.25	66.26	159	279.00	279.00	308.00	308	6.06	1.57	3.76	6.60	6.60	7.28	7.28
DTX-incomp-chim_CS10-L-B13-Map2	17747	7023	9	0	6	0	76.83	9.32	68.30	70.20	73.65	82.09	93.10	1170.50	1162.19	29	177.00	934.50	2234.00	2714	6.60	6.55	0.16	1.00	5.27	12.59	15.29
DTX-incomp-chim_CS10-L-B21-Map1	22648	166	2	0	2	0	77.40	10.61	69.90	69.90	77.40	84.90	84.90	83.00	42.43	53	53.00	83.00	113.00	113	0.37	0.19	0.23	0.23	0.37	0.50	0.50
DTX-incomp-chim_CS10-L-B23-Map1_reversed	21650	8350	36	0	32	0	73.16	10.10	54.80	68.20	71.90	79.90	100.00	261.09	300.09	25	85.00	184.00	246.00	1236	1.21	1.39	0.12	0.39	0.85	1.14	5.71
DTX-incomp-chim_CS10-L-B27-Map1	19826	1674	6	0	6	0	73.10	3.32	67.30	71.00	74.60	75.30	75.80	279.00	399.78	81	86.00	126.50	162.00	1092	1.41	2.02	0.41	0.43	0.64	0.82	5.51
DTX-incomp-chim_CS10-L-B33-Map1_reversed	13005	210	1	0	1	0	63.60	0.00	63.60	63.60	63.60	63.60	63.60	210.00	0.00	210	210.00	210.00	210.00	210	1.61	0.00	1.61	1.61	1.61	1.61	1.61
DTX-incomp-chim_CS10-L-B41-Map1_reversed	9693	21	1	0	1	0	58.20	0.00	58.20	58.20	58.20	58.20	58.20	21.00	0.00	21	21.00	21.00	21.00	21	0.22	0.00	0.22	0.22	0.22	0.22	0.22
DTX-incomp-chim_Ptr_1CBFP-B-G56-Map8	3106	32	1	0	1	0	90.60	0.00	90.60	90.60	90.60	90.60	90.60	32.00	0.00	32	32.00	32.00	32.00	32	1.03	0.00	1.03	1.03	1.03	1.03	1.03
DTX-incomp-chim_Ptr_1CBFP-L-B108-Map1	5561	561	2	0	2	0	63.00	5.66	59.00	59.00	63.00	67.00	67.00	280.50	328.80	48	48.00	280.50	513.00	513	5.04	5.91	0.86	0.86	5.04	9.22	9.22
DTX-incomp-chim_Ptr_1CBFP-L-B138-Map1	4986	159	1	0	1	0	72.80	0.00	72.80	72.80	72.80	72.80	72.80	159.00	0.00	159	159.00	159.00	159.00	159	3.19	0.00	3.19	3.19	3.19	3.19	3.19
DTX-incomp-chim_Ptr_1CBFP-L-B139-Map1	4212	1137	10	0	10	0	77.02	3.21	71.90	73.90	77.35	80.00	81.00	113.70	41.19	61	84.00	110.00	138.00	187	2.70	0.98	1.45	1.99	2.61	3.28	4.44
DTX-incomp-chim_Ptr_1CBFP-L-B41-Map1	23473	4184	7	0	7	0	69.29	5.37	60.40	65.30	69.20	75.10	75.60	597.71	349.95	186	236.00	525.00	1011.00	1012	2.55	1.49	0.79	1.01	2.24	4.31	4.31
DTX-incomp-chim_Ptr_1CBFP-L-B42-Map1_reversed	19893	613	1	0	1	0	65.50	0.00	65.50	65.50	65.50	65.50	65.50	613.00	0.00	613	613.00	613.00	613.00	613	3.08	0.00	3.08	3.08	3.08	3.08	3.08
DTX-incomp-chim_Ptr_1CBFP-L-B43-Map1	19420	646	5	0	5	0	74.40	9.94	61.20	67.40	77.30	80.40	85.70	129.20	178.21	21	41.00	51.00	88.00	445	0.67	0.92	0.11	0.21	0.26	0.45	2.29
DTX-incomp-chim_Ptr_1CBFP-L-B44-Map1_reversed	19396	16335	26	0	23	0	74.55	9.23	58.60	68.70	73.76	77.90	92.70	713.52	1160.24	50	68.00	130.00	523.00	3903	3.68	5.98	0.26	0.35	0.67	2.70	20.12
DTX-incomp-chim_Ptr_1CBFP-L-B45-Map1	19011	4245	5	0	5	0	79.40	8.04	66.50	78.40	81.50	82.40	88.20	849.00	1697.05	34	81.00	107.00	139.00	3884	4.47	8.93	0.18	0.43	0.56	0.73	20.43
DTX-incomp-chim_Ptr_1CBFP-L-B47-Map1	17973	1858	5	0	5	0	78.94	11.60	62.00	74.00	81.50	84.50	92.70	371.60	549.88	68	81.00	100.00	264.00	1345	2.07	3.06	0.38	0.45	0.56	1.47	7.48
DTX-incomp-chim_Ptr_1CBFP-L-B49-Map1_reversed	14896	2058	17	0	17	0	79.56	5.12	72.70	75.70	78.40	82.70	92.90	121.06	60.64	21	81.00	131.00	154.00	239	0.81	0.41	0.14	0.54	0.88	1.03	1.60
DTX-incomp-chim_Ptr_1CBFP-L-B51-Map1_reversed	13310	7624	32	0	32	0	79.58	5.78	65.60	75.20	79.90	84.90	90.00	238.25	837.27	38	53.00	86.00	125.00	4820	1.79	6.29	0.29	0.40	0.65	0.94	36.21
DTX-incomp-chim_Ptr_1CBFP-L-B53-Map1	13243	337	1	0	1	0	71.00	0.00	71.00	71.00	71.00	71.00	71.00	337.00	0.00	337	337.00	337.00	337.00	337	2.54	0.00	2.54	2.54	2.54	2.54	2.54
DTX-incomp-chim_Ptr_1CBFP-L-B55-Map1	13177	261	4	0	4	0	84.75	6.75	79.00	79.30	83.65	92.70	92.70	65.25	14.03	48	63.00	65.50	82.00	82	0.50	0.11	0.36	0.48	0.50	0.62	0.62
DTX-incomp-chim_Ptr_1CBFP-L-B58-Map1	10806	240	2	0	2	0	81.85	0.49	81.50	81.50	81.85	82.20	82.20	120.00	70.71	70	70.00	120.00	170.00	170	1.11	0.65	0.65	0.65	1.11	1.57	1.57
DTX-incomp-chim_Ptr_1CBFP-L-B61-Map1_reversed	9420	2675	7	0	6	0	81.48	7.16	70.70	76.70	82.54	85.50	90.90	445.83	724.24	33	128.00	165.50	267.00	1916	4.73	7.69	0.35	1.36	1.76	2.83	20.34
DTX-incomp-chim_Ptr_1CBFP-L-B63-Map1_reversed	9045	101	1	0	1	0	72.50	0.00	72.50	72.50	72.50	72.50	72.50	101.00	0.00	101	101.00	101.00	101.00	101	1.12	0.00	1.12	1.12	1.12	1.12	1.12
DTX-incomp-chim_Ptr_1CBFP-L-B68-Map1	8595	3570	4	0	4	0	68.88	8.64	56.80	70.10	70.70	77.30	77.30	892.50	1421.23	65	175.00	243.00	3019.00	3019	10.38	16.54	0.76	2.04	2.83	35.13	35.13
DTX-incomp-chim_Ptr_1CBFP-L-B70-Map1	8504	51	1	0	1	0	84.30	0.00	84.30	84.30	84.30	84.30	84.30	51.00	0.00	51	51.00	51.00	51.00	51	0.60	0.00	0.60	0.60	0.60	0.60	0.60
DTX-incomp-chim_Ptr_1CBFP-L-B74-Map1	8142	1325	1	0	1	0	70.90	0.00	70.90	70.90	70.90	70.90	70.90	1325.00	0.00	1325	1325.00	1325.00	1325.00	1325	16.27	0.00	16.27	16.27	16.27	16.27	16.27
DTX-incomp-chim_Ptr_1CBFP-L-B85-Map1	7139	972	3	0	2	0	77.67	21.26	62.63	62.63	77.67	92.70	92.70	486.00	591.14	68	68.00	486.00	904.00	904	6.81	8.28	0.95	0.95	6.81	12.66	12.66
DTX-incomp-chim_Ptr_1CBFP-L-B91-Map1_reversed	6362	168	1	0	1	0	75.20	0.00	75.20	75.20	75.20	75.20	75.20	168.00	0.00	168	168.00	168.00	168.00	168	2.64	0.00	2.64	2.64	2.64	2.64	2.64
DTX-incomp-chim_SN15_SOL-L-B13-Map1_reversed	18062	43452	12	1	11	1	82.18	10.17	61.30	72.50	87.33	90.20	91.00	3950.18	5352.07	48	705.00	1856.00	6435.00	18329	21.87	29.63	0.27	3.90	10.28	35.63	101.48
DTX-incomp-chim_SN15_SOL-L-B18-Map1	15739	17961	7	0	5	0	78.51	10.33	62.51	73.84	83.40	85.80	87.00	3592.20	2891.11	1381	1615.00	2827.00	3642.00	8496	22.82	18.37	8.77	10.26	17.96	23.14	53.98
DTX-incomp-chim_SN15_SOL-L-B19-Map1_reversed	15719	4533	11	0	8	0	80.65	10.91	62.36	73.70	83.00	89.80	94.30	570.38	854.28	32	69.00	153.00	914.00	2523	3.63	5.43	0.20	0.44	0.97	5.81	16.05
DTX-incomp-chim_SN15_SOL-L-B27-Map1_reversed	13684	15443	12	0	12	0	83.27	8.80	69.10	79.80	86.40	90.20	94.30	1286.92	1759.85	25	82.00	889.50	1845.00	6341	9.40	12.86	0.18	0.60	6.50	13.48	46.34
DTX-incomp-chim_SN15_SOL-L-B29-Map1_reversed	12709	20655	4	0	4	0	79.45	6.22	74.40	76.30	77.50	88.40	88.40	7433.50	5157.79	57	8529.00	8804.00	12069.00	12069	58.49	40.58	0.45	67.11	69.27	94.96	94.96
DTX-incomp-chim_SN15_SOL-L-B32-Map1_reversed	11358	5906	13	0	11	0	76.42	9.08	61.53	68.70	77.83	80.50	92.90	536.91	770.12	22	41.00	145.00	829.00	2511	4.73	6.78	0.19	0.36	1.28	7.30	22.11
DTX-incomp-chim_SN15_SOL-L-B59-Map1	8607	1004	6	0	6	0	78.52	8.64	70.00	72.20	75.80	84.20	93.10	167.33	149.37	25	27.00	151.00	232.00	418	1.94	1.74	0.29	0.31	1.75	2.70	4.86
DTX-incomp-chim_SN15_SOL-L-B71-Map1_reversed	7006	4375	8	0	7	0	85.26	13.35	58.10	78.50	88.63	94.50	95.50	625.00	705.53	37	251.00	364.00	937.00	2100	8.92	10.07	0.53	3.58	5.20	13.37	29.97
DTX-incomp-chim_SN15_SOL-L-B84-Map1_reversed	4160	2850	2	0	2	0	79.00	1.56	77.90	77.90	79.00	80.10	80.10	1425.00	1928.99	61	61.00	1425.00	2789.00	2789	34.25	46.37	1.47	1.47	34.25	67.04	67.04
DTX-incomp-chim_SN15_SOL-L-B89-Map1_reversed	1296	143	2	0	1	0	68.73	0.00	68.73	68.73	68.73	68.73	68.73	154.00	0.00	154	154.00	154.00	154.00	154	11.88	0.00	11.88	11.88	11.88	11.88	11.88
DTX-incomp-chim_SN2000-L-B14-Map1	14756	693	2	0	2	0	71.30	2.12	69.80	69.80	71.30	72.80	72.80	346.50	37.48	320	320.00	346.50	373.00	373	2.35	0.25	2.17	2.17	2.35	2.53	2.53
DTX-incomp-chim_SN2000-L-B16-Map1	13080	17140	8	0	6	0	77.19	8.56	68.80	69.40	74.76	86.60	88.80	2856.67	4383.91	43	98.00	1289.00	2877.00	11544	21.84	33.52	0.33	0.75	9.85	22.00	88.26
DTX-incomp-chim_SN2000-L-B46-Map1_reversed	8491	11165	6	0	4	0	82.52	4.02	76.90	82.97	83.38	86.40	86.40	2795.00	3589.72	21	1133.00	1558.00	8043.00	8043	32.92	42.28	0.25	13.34	18.35	94.72	94.72
DTX-incomp-chim_SN2000-L-B5-Map1_reversed	19940	1980	5	0	5	0	84.20	4.98	76.90	81.50	85.80	87.80	89.00	396.00	24.73	382	384.00	385.00	389.00	440	1.99	0.12	1.92	1.93	1.93	1.95	2.21
DTX-incomp-chim_SN2000-L-B6-Map1_reversed	18517	1148	5	0	4	0	70.47	1.67	68.10	70.70	70.90	72.00	72.00	287.00	285.19	68	141.00	189.00	702.00	702	1.55	1.54	0.37	0.76	1.02	3.79	3.79
DTX-incomp-chim_SN4-L-B11-Map1	19120	7339	3	0	3	0	84.77	11.07	72.20	72.20	89.00	93.10	93.10	2446.33	3449.31	317	317.00	596.00	6426.00	6426	12.79	18.04	1.66	1.66	3.12	33.61	33.61
DTX-incomp-chim_SN4-L-B12-Map1_reversed	18372	14872	9	0	9	0	80.60	7.60	68.50	76.50	82.00	88.20	89.50	1652.44	4572.86	26	68.00	166.00	216.00	13845	8.99	24.89	0.14	0.37	0.90	1.18	75.36
DTX-incomp-chim_SN4-L-B15-Map1	17513	181	2	0	2	0	73.55	1.63	72.40	72.40	73.55	74.70	74.70	90.50	92.63	25	25.00	90.50	156.00	156	0.52	0.53	0.14	0.14	0.52	0.89	0.89
DTX-incomp-chim_SN4-L-B3-Map2	6329	447	2	0	2	0	73.60	1.27	72.70	72.70	73.60	74.50	74.50	223.50	136.47	127	127.00	223.50	320.00	320	3.53	2.16	2.01	2.01	3.53	5.06	5.06
DTX-incomp-chim_SN4-L-B32-Map1_reversed	13360	10150	14	0	13	0	80.88	7.91	68.14	74.00	80.70	88.10	89.90	780.77	1509.58	36	168.00	240.00	524.00	5632	5.84	11.30	0.27	1.26	1.80	3.92	42.16
DTX-incomp-chim_SN4-L-B43-Map1_reversed	10728	6607	1	0	1	0	74.70	0.00	74.70	74.70	74.70	74.70	74.70	6607.00	0.00	6607	6607.00	6607.00	6607.00	6607	61.59	0.00	61.59	61.59	61.59	61.59	61.59
DTX-incomp-chim_SN4-L-B5-Map1_reversed	21753	14243	3	0	3	0	79.97	5.28	73.90	73.90	82.50	83.50	83.50	4747.67	8081.30	37	37.00	127.00	14079.00	14079	21.83	37.15	0.17	0.17	0.58	64.72	64.72
DTX-incomp-chim_SN4-L-B74-Map1_reversed	7525	49	1	0	1	0	87.20	0.00	87.20	87.20	87.20	87.20	87.20	49.00	0.00	49	49.00	49.00	49.00	49	0.65	0.00	0.65	0.65	0.65	0.65	0.65
DTX-incomp-chim_SN4-L-B79-Map1	6701	153	1	0	1	0	72.80	0.00	72.80	72.80	72.80	72.80	72.80	153.00	0.00	153	153.00	153.00	153.00	153	2.28	0.00	2.28	2.28	2.28	2.28	2.28
DTX-incomp-chim_SN4-L-B84-Map1	6313	23	1	0	1	0	89.70	0.00	89.70	89.70	89.70	89.70	89.70	23.00	0.00	23	23.00	23.00	23.00	23	0.36	0.00	0.36	0.36	0.36	0.36	0.36
DTX-incomp-chim_SN4-L-B9-Map1	20668	37	1	0	1	0	85.80	0.00	85.80	85.80	85.80	85.80	85.80	37.00	0.00	37	37.00	37.00	37.00	37	0.18	0.00	0.18	0.18	0.18	0.18	0.18
DTX-incomp-chim_SN79_1087-L-B11-Map1_reversed	10511	14354	5	1	5	1	84.86	11.16	72.00	79.50	80.40	92.50	99.90	2870.80	4455.35	156	158.00	308.00	3248.00	10484	27.31	42.39	1.48	1.50	2.93	30.90	99.74
DTX-incomp-chim_SN79_1087-L-B16-Map1_reversed	8962	12153	12	1	9	1	83.76	10.14	68.60	78.91	85.40	89.00	99.90	1350.44	2935.27	26	49.00	106.00	521.00	8939	15.07	32.75	0.29	0.55	1.18	5.81	99.74
DTX-incomp-chim_SN79_1087-L-B17-Map1_reversed	8428	9344	7	1	7	1	86.09	10.59	69.10	74.70	88.80	91.20	100.00	1334.86	3125.97	77	91.00	187.00	192.00	8423	15.84	37.09	0.91	1.08	2.22	2.28	99.94
DTX-incomp-chim_SN79_1087-L-B2-Map1	18154	85352	48	2	31	2	77.78	11.22	57.60	69.20	75.90	84.20	99.10	2834.26	4976.81	110	153.00	1074.00	1967.00	18287	15.61	27.41	0.61	0.84	5.92	10.84	100.73
DTX-incomp-chim_SN79_1087-L-B26-Map1	7013	156	1	0	1	0	99.60	0.00	99.60	99.60	99.60	99.60	99.60	156.00	0.00	156	156.00	156.00	156.00	156	2.22	0.00	2.22	2.22	2.22	2.22	2.22
DTX-incomp-chim_SN79_1087-L-B29-Map1	3291	3291	1	1	1	1	100.00	0.00	100.00	100.00	100.00	100.00	100.00	3291.00	0.00	3291	3291.00	3291.00	3291.00	3291	100.00	0.00	100.00	100.00	100.00	100.00	100.00
DTX-incomp-chim_SN79_1087-L-B3-Map1	17004	22989	13	1	10	1	81.57	10.77	65.20	71.40	80.29	90.54	99.80	2299.20	5233.06	25	74.00	142.50	1752.00	16971	13.52	30.78	0.15	0.44	0.84	10.30	99.81
DTX-incomp-chim_SN79_1087-L-B4-Map1_reversed	16288	81761	22	1	20	1	81.37	9.50	63.10	74.90	81.60	88.20	99.90	4088.05	5185.91	25	421.00	906.00	8662.00	16265	25.10	31.84	0.15	2.58	5.56	53.18	99.86
DTX-incomp-chim_SN79_1087-L-B5-Map1_reversed	16003	29196	6	1	5	1	82.73	13.96	61.00	81.90	84.94	86.00	99.80	5839.60	7523.04	174	228.00	948.00	11905.00	15943	36.49	47.01	1.09	1.42	5.92	74.39	99.63
DTX-incomp-chim_SN79_1087-L-B6-Map1	15817	17815	12	1	12	1	74.46	11.02	55.30	68.00	75.90	78.60	99.80	1484.58	4487.65	23	116.00	192.50	279.00	15729	9.39	28.37	0.15	0.73	1.22	1.76	99.44
DTX-incomp-chim_SN79_1087-L-B9-Map1	12092	33115	8	1	8	1	76.50	11.52	63.40	71.00	73.10	86.30	100.00	4139.38	5229.23	34	128.00	1123.50	11108.00	12084	34.23	43.25	0.28	1.06	9.29	91.86	99.93
DTX-incomp_CS10-B-G184-Map6	18599	102	2	0	2	0	59.60	0.14	59.50	59.50	59.60	59.70	59.70	51.00	33.94	27	27.00	51.00	75.00	75	0.27	0.18	0.15	0.15	0.27	0.40	0.40
DTX-incomp_CS10-B-G313-Map3	1673	271	1	0	1	0	66.30	0.00	66.30	66.30	66.30	66.30	66.30	271.00	0.00	271	271.00	271.00	271.00	271	16.20	0.00	16.20	16.20	16.20	16.20	16.20
DTX-incomp_CS10-B-G38-Map3_reversed	1811	391	1	0	1	0	60.10	0.00	60.10	60.10	60.10	60.10	60.10	391.00	0.00	391	391.00	391.00	391.00	391	21.59	0.00	21.59	21.59	21.59	21.59	21.59
DTX-incomp_CS10-B-G64-Map16	1874	722	1	0	1	0	77.40	0.00	77.40	77.40	77.40	77.40	77.40	722.00	0.00	722	722.00	722.00	722.00	722	38.53	0.00	38.53	38.53	38.53	38.53	38.53
DTX-incomp_CS10-B-G82-Map20	3431	75	1	0	1	0	59.50	0.00	59.50	59.50	59.50	59.50	59.50	75.00	0.00	75	75.00	75.00	75.00	75	2.19	0.00	2.19	2.19	2.19	2.19	2.19
DTX-incomp_CS10-B-R130-Map4_reversed	6967	250	2	0	2	0	81.35	4.45	78.20	78.20	81.35	84.50	84.50	125.00	57.98	84	84.00	125.00	166.00	166	1.79	0.83	1.21	1.21	1.79	2.38	2.38
DTX-incomp_CS10-B-R237-Map6	1824	89	1	0	1	0	71.40	0.00	71.40	71.40	71.40	71.40	71.40	89.00	0.00	89	89.00	89.00	89.00	89	4.88	0.00	4.88	4.88	4.88	4.88	4.88
DTX-incomp_CS10-B-R72-Map3	1626	223	1	0	1	0	70.50	0.00	70.50	70.50	70.50	70.50	70.50	223.00	0.00	223	223.00	223.00	223.00	223	13.71	0.00	13.71	13.71	13.71	13.71	13.71
DTX-incomp_CS10-B-R82-Map15	2101	51	1	0	1	0	84.30	0.00	84.30	84.30	84.30	84.30	84.30	51.00	0.00	51	51.00	51.00	51.00	51	2.43	0.00	2.43	2.43	2.43	2.43	2.43
DTX-incomp_CS10-B-R94-Map5_reversed	6561	4514	12	0	12	0	66.93	4.82	56.20	65.60	67.95	70.60	71.50	388.83	554.27	104	152.00	182.00	357.00	2093	5.93	8.45	1.59	2.32	2.77	5.44	31.90
DTX-incomp_CS10-L-B39-Map1	10679	3533	3	0	3	0	80.60	6.58	75.80	75.80	77.90	88.10	88.10	1177.67	1935.10	40	40.00	81.00	3412.00	3412	11.03	18.12	0.37	0.37	0.76	31.95	31.95
DTX-incomp_CS10-L-B44-Map1_reversed	9085	83	1	0	1	0	73.50	0.00	73.50	73.50	73.50	73.50	73.50	83.00	0.00	83	83.00	83.00	83.00	83	0.91	0.00	0.91	0.91	0.91	0.91	0.91
DTX-incomp_CS10_RS_70	919	1057	2	0	2	0	68.85	1.77	67.60	67.60	68.85	70.10	70.10	528.50	345.78	284	284.00	528.50	773.00	773	57.51	37.63	30.90	30.90	57.51	84.11	84.11
DTX-incomp_CS10_RS_7_reversed	12733	198	1	0	1	0	67.90	0.00	67.90	67.90	67.90	67.90	67.90	198.00	0.00	198	198.00	198.00	198.00	198	1.56	0.00	1.56	1.56	1.56	1.56	1.56
DTX-incomp_Ptr_1CBFP-B-G125-Map4	2848	247	2	0	2	0	81.35	16.05	70.00	70.00	81.35	92.70	92.70	123.50	78.49	68	68.00	123.50	179.00	179	4.34	2.76	2.39	2.39	4.34	6.29	6.29
DTX-incomp_Ptr_1CBFP-B-G133-Map20	3104	154	4	0	4	0	89.42	5.81	80.90	90.60	91.75	93.30	93.30	38.50	17.08	28	30.00	31.00	64.00	64	1.24	0.55	0.90	0.97	1.00	2.06	2.06
DTX-incomp_Ptr_1CBFP-B-G159-Map3_reversed	6331	317	1	0	1	0	70.40	0.00	70.40	70.40	70.40	70.40	70.40	317.00	0.00	317	317.00	317.00	317.00	317	5.01	0.00	5.01	5.01	5.01	5.01	5.01
DTX-incomp_Ptr_1CBFP-B-G183-Map3_reversed	4791	62	2	0	2	0	93.65	4.31	90.60	90.60	93.65	96.70	96.70	31.00	1.41	30	30.00	31.00	32.00	32	0.65	0.03	0.63	0.63	0.65	0.67	0.67
DTX-incomp_Ptr_1CBFP-B-G34-Map20	1930	72	1	0	1	0	79.70	0.00	79.70	79.70	79.70	79.70	79.70	72.00	0.00	72	72.00	72.00	72.00	72	3.73	0.00	3.73	3.73	3.73	3.73	3.73
DTX-incomp_Ptr_1CBFP-B-G9-Map20_reversed	2278	68	1	0	1	0	92.70	0.00	92.70	92.70	92.70	92.70	92.70	68.00	0.00	68	68.00	68.00	68.00	68	2.99	0.00	2.99	2.99	2.99	2.99	2.99
DTX-incomp_Ptr_1CBFP-B-R125-Map4	13516	2221	6	0	6	0	72.98	8.99	60.90	70.20	71.70	74.80	88.60	370.17	445.26	35	158.00	232.50	307.00	1256	2.74	3.29	0.26	1.17	1.72	2.27	9.29
DTX-incomp_Ptr_1CBFP-B-R126-Map3	2852	92	1	0	1	0	77.40	0.00	77.40	77.40	77.40	77.40	77.40	92.00	0.00	92	92.00	92.00	92.00	92	3.23	0.00	3.23	3.23	3.23	3.23	3.23
DTX-incomp_Ptr_1CBFP-B-R156-Map5	1786	165	1	0	1	0	70.20	0.00	70.20	70.20	70.20	70.20	70.20	165.00	0.00	165	165.00	165.00	165.00	165	9.24	0.00	9.24	9.24	9.24	9.24	9.24
DTX-incomp_Ptr_1CBFP-B-R246-Map6	4720	2040	9	0	8	0	69.82	11.15	59.68	60.60	64.50	83.70	85.70	289.88	354.49	42	79.00	234.00	279.00	1129	6.14	7.51	0.89	1.67	4.96	5.91	23.92
DTX-incomp_Ptr_1CBFP-B-R280-Map4_reversed	10199	579	1	0	1	0	57.10	0.00	57.10	57.10	57.10	57.10	57.10	579.00	0.00	579	579.00	579.00	579.00	579	5.68	0.00	5.68	5.68	5.68	5.68	5.68
DTX-incomp_Ptr_1CBFP-B-R282-Map3	1174	277	1	0	1	0	71.40	0.00	71.40	71.40	71.40	71.40	71.40	277.00	0.00	277	277.00	277.00	277.00	277	23.59	0.00	23.59	23.59	23.59	23.59	23.59
DTX-incomp_Ptr_1CBFP-B-R283-Map3	895	399	1	0	1	0	67.90	0.00	67.90	67.90	67.90	67.90	67.90	399.00	0.00	399	399.00	399.00	399.00	399	44.58	0.00	44.58	44.58	44.58	44.58	44.58
DTX-incomp_Ptr_1CBFP-B-R37-Map16	1696	86	1	0	1	0	79.50	0.00	79.50	79.50	79.50	79.50	79.50	86.00	0.00	86	86.00	86.00	86.00	86	5.07	0.00	5.07	5.07	5.07	5.07	5.07
DTX-incomp_Ptr_1CBFP-B-R66-Map3_reversed	3326	860	1	0	1	0	72.90	0.00	72.90	72.90	72.90	72.90	72.90	860.00	0.00	860	860.00	860.00	860.00	860	25.86	0.00	25.86	25.86	25.86	25.86	25.86
DTX-incomp_Ptr_1CBFP-L-B40-Map1_reversed	23601	1340	5	0	5	0	67.62	8.91	57.10	61.60	69.30	69.70	80.40	268.00	191.71	51	224.00	241.00	245.00	579	1.14	0.81	0.22	0.95	1.02	1.04	2.45
DTX-incomp_Ptr_1CBFP-L-B57-Map1	12350	435	2	0	2	0	74.35	9.40	67.70	67.70	74.35	81.00	81.00	217.50	43.13	187	187.00	217.50	248.00	248	1.76	0.35	1.51	1.51	1.76	2.01	2.01
DTX-incomp_Ptr_1CBFP-L-B71-Map1_reversed	8381	4688	12	0	12	0	69.36	11.58	55.70	59.20	66.50	82.00	90.30	390.67	369.37	50	70.00	258.50	781.00	1015	4.66	4.41	0.60	0.84	3.08	9.32	12.11
DTX-incomp_Ptr_1CBFP-L-B73-Map1_reversed	8179	1245	4	0	3	0	64.27	5.26	58.60	58.60	65.20	69.00	69.00	415.00	357.45	38	38.00	458.00	749.00	749	5.07	4.37	0.46	0.46	5.60	9.16	9.16
DTX-incomp_Ptr_1CBFP_RS_59	2113	1058	4	0	3	0	77.78	15.04	62.63	62.63	78.00	92.70	92.70	352.67	477.55	68	68.00	86.00	904.00	904	16.69	22.60	3.22	3.22	4.07	42.78	42.78
DTX-incomp_Ptr_1CBFP_RS_71_reversed	1905	713	2	0	2	0	75.95	13.08	66.70	66.70	75.95	85.20	85.20	356.50	446.18	41	41.00	356.50	672.00	672	18.71	23.42	2.15	2.15	18.71	35.28	35.28
DTX-incomp_SN15_SOL-B-G100-Map9	6414	129	3	0	3	0	81.90	0.69	81.50	81.50	81.50	82.70	82.70	68.00	12.12	54	54.00	75.00	75.00	75	1.06	0.19	0.84	0.84	1.17	1.17	1.17
DTX-incomp_SN15_SOL-B-G121-Map4	6551	6441	2	0	2	0	89.90	1.84	88.60	88.60	89.90	91.20	91.20	3220.50	3667.76	627	627.00	3220.50	5814.00	5814	49.16	55.99	9.57	9.57	49.16	88.75	88.75
DTX-incomp_SN15_SOL-B-G14-Map20	1931	137	1	0	1	0	62.30	0.00	62.30	62.30	62.30	62.30	62.30	137.00	0.00	137	137.00	137.00	137.00	137	7.09	0.00	7.09	7.09	7.09	7.09	7.09
DTX-incomp_SN15_SOL-B-G28-Map20_reversed	2284	2097	6	0	3	0	88.61	2.76	85.70	85.70	88.94	91.20	91.20	699.00	732.91	36	36.00	575.00	1486.00	1486	30.60	32.09	1.58	1.58	25.18	65.06	65.06
DTX-incomp_SN15_SOL-B-G52-Map12	2147	380	3	0	3	0	74.07	4.69	68.80	68.80	75.60	77.80	77.80	126.67	106.76	28	28.00	112.00	240.00	240	5.90	4.97	1.30	1.30	5.22	11.18	11.18
DTX-incomp_SN15_SOL-B-R116-Map6	15222	14758	19	0	16	0	81.27	8.78	67.70	75.90	80.51	89.90	97.60	922.38	1303.86	84	144.00	289.00	1665.00	4768	6.06	8.57	0.55	0.95	1.90	10.94	31.32
DTX-incomp_SN15_SOL-L-B80-Map1_reversed	5418	269	1	0	1	0	77.50	0.00	77.50	77.50	77.50	77.50	77.50	269.00	0.00	269	269.00	269.00	269.00	269	4.96	0.00	4.96	4.96	4.96	4.96	4.96
DTX-incomp_SN2000-B-R28-Map15	1216	202	2	0	2	0	95.75	2.19	94.20	94.20	95.75	97.30	97.30	101.00	46.67	68	68.00	101.00	134.00	134	8.31	3.84	5.59	5.59	8.31	11.02	11.02
DTX-incomp_SN2000-B-R67-Map3	1039	694	1	0	1	0	83.90	0.00	83.90	83.90	83.90	83.90	83.90	694.00	0.00	694	694.00	694.00	694.00	694	66.79	0.00	66.79	66.79	66.79	66.79	66.79
DTX-incomp_SN4-B-G137-Map4	6309	437	1	0	1	0	90.50	0.00	90.50	90.50	90.50	90.50	90.50	437.00	0.00	437	437.00	437.00	437.00	437	6.93	0.00	6.93	6.93	6.93	6.93	6.93
DTX-incomp_SN4-B-G239-Map3_reversed	1064	153	1	0	1	0	94.80	0.00	94.80	94.80	94.80	94.80	94.80	153.00	0.00	153	153.00	153.00	153.00	153	14.38	0.00	14.38	14.38	14.38	14.38	14.38
DTX-incomp_SN4-B-G52-Map18	2762	213	5	0	5	0	89.28	6.03	85.50	86.70	87.00	87.20	100.00	42.60	11.76	25	39.00	46.00	46.00	57	1.54	0.43	0.91	1.41	1.67	1.67	2.06
DTX-incomp_SN4-L-B20-Map1	16331	6621	7	0	7	0	77.10	11.28	56.90	72.70	76.00	86.50	91.00	945.86	2155.46	23	26.00	42.00	379.00	5823	5.79	13.20	0.14	0.16	0.26	2.32	35.66
DTX-incomp_SN4-L-B26-Map1	14776	87	1	0	1	0	85.10	0.00	85.10	85.10	85.10	85.10	85.10	87.00	0.00	87	87.00	87.00	87.00	87	0.59	0.00	0.59	0.59	0.59	0.59	0.59
DTX-incomp_SN4_RS_17_reversed	6842	818	2	0	2	0	70.15	2.76	68.20	68.20	70.15	72.10	72.10	409.00	374.77	144	144.00	409.00	674.00	674	5.98	5.48	2.10	2.10	5.98	9.85	9.85
DTX-incomp_SN79_1087-B-G22-Map14	2252	618	1	0	1	0	81.90	0.00	81.90	81.90	81.90	81.90	81.90	618.00	0.00	618	618.00	618.00	618.00	618	27.44	0.00	27.44	27.44	27.44	27.44	27.44
DTX-incomp_SN79_1087-B-G23-Map6_reversed	1971	195	1	0	1	0	85.60	0.00	85.60	85.60	85.60	85.60	85.60	195.00	0.00	195	195.00	195.00	195.00	195	9.89	0.00	9.89	9.89	9.89	9.89	9.89
DTX-incomp_SN79_1087-B-G32-Map20	2503	914	1	0	1	0	69.50	0.00	69.50	69.50	69.50	69.50	69.50	914.00	0.00	914	914.00	914.00	914.00	914	36.52	0.00	36.52	36.52	36.52	36.52	36.52
DXX-MITE_CS10_RS_113	199	229	1	0	1	0	73.10	0.00	73.10	73.10	73.10	73.10	73.10	229.00	0.00	229	229.00	229.00	229.00	229	115.08	0.00	115.08	115.08	115.08	115.08	115.08
DXX-MITE_CS10_RS_128	164	389	4	0	4	0	83.42	0.74	82.80	83.20	83.20	84.50	84.50	97.25	3.77	93	96.00	97.00	102.00	102	59.30	2.30	56.71	58.54	59.15	62.20	62.20
DXX-MITE_Ptr_1CBFP_RS_243	197	34	1	0	1	0	94.30	0.00	94.30	94.30	94.30	94.30	94.30	34.00	0.00	34	34.00	34.00	34.00	34	17.26	0.00	17.26	17.26	17.26	17.26	17.26
DXX-MITE_Ptr_1CBFP_RS_287	161	152	1	0	1	0	74.50	0.00	74.50	74.50	74.50	74.50	74.50	152.00	0.00	152	152.00	152.00	152.00	152	94.41	0.00	94.41	94.41	94.41	94.41	94.41
DXX-MITE_SN15_SOL_RS_52	385	189	2	0	2	0	81.20	5.94	77.00	77.00	81.20	85.40	85.40	94.50	65.76	48	48.00	94.50	141.00	141	24.55	17.08	12.47	12.47	24.55	36.62	36.62
DXX-MITE_SN2000-B-G47-Map3	1053	41	1	0	1	0	80.10	0.00	80.10	80.10	80.10	80.10	80.10	41.00	0.00	41	41.00	41.00	41.00	41	3.89	0.00	3.89	3.89	3.89	3.89	3.89
DXX-MITE_SN4_RS_50	312	1476	7	2	7	2	78.90	7.82	71.70	72.10	75.90	86.60	92.20	210.86	88.57	82	111.00	209.00	304.00	308	67.58	28.39	26.28	35.58	66.99	97.44	98.72
DXX-MITE_SN4_RS_52	294	1767	6	6	6	6	91.90	5.63	83.70	86.80	93.15	97.30	97.30	294.50	3.33	292	293.00	293.00	295.00	301	100.17	1.13	99.32	99.66	99.66	100.34	102.38
DXX-MITE_SN4_RS_54	262	1359	6	3	6	3	86.08	12.75	72.00	73.50	86.30	99.20	99.20	226.50	64.11	97	238.00	251.50	260.00	261	86.45	24.47	37.02	90.84	95.99	99.24	99.62
DXX-MITE_SN4_RS_67	128	425	4	3	4	3	83.47	8.56	71.10	85.30	86.05	90.70	90.70	106.25	42.18	43	126.00	127.00	128.00	128	83.01	32.95	33.59	98.44	99.22	100.00	100.00
DXX-MITE_SN79_1087-B-G16-Map13	1710	1263	5	0	4	0	89.75	1.65	88.10	89.10	89.45	92.00	92.00	322.25	310.05	52	87.00	267.50	702.00	702	18.85	18.13	3.04	5.09	15.64	41.05	41.05
DXX-MITE_SN79_1087_RS_42	294	3339	15	6	14	6	90.64	6.68	75.20	88.01	93.85	94.60	95.60	238.50	77.61	111	142.00	273.00	294.00	294	81.12	26.40	37.76	48.30	92.86	100.00	100.00
DXX-MITE_SN79_1087_RS_48	217	31977	169	85	167	85	77.41	3.85	66.80	74.80	77.60	80.00	91.40	191.48	38.23	34	181.00	211.00	216.00	237	88.24	17.62	15.67	83.41	97.24	99.54	109.22
DXX-MITE_SN79_1087_RS_54	177	2221	13	10	13	10	86.08	4.83	77.00	84.10	85.50	90.50	93.20	170.85	12.54	133	172.00	176.00	177.00	181	96.52	7.08	75.14	97.18	99.44	100.00	102.26
DXX_SN2000-B-R1-Map12	17798	11587	5	0	5	0	82.74	8.77	75.30	76.30	77.50	91.70	92.90	2317.40	4031.99	26	151.00	182.00	1820.00	9408	13.02	22.65	0.15	0.85	1.02	10.23	52.86
DXX_SN4-L-B8-Map1	20773	4028	8	0	8	0	83.67	7.54	75.00	78.30	83.10	93.90	94.20	503.50	959.94	27	59.00	108.00	721.00	2812	2.42	4.62	0.13	0.28	0.52	3.47	13.54
noCat_SN15_SOL-B-G32-Map20	2290	1156	3	0	1	0	87.36	0.00	87.36	87.36	87.36	87.36	87.36	1158.00	0.00	1158	1158.00	1158.00	1158.00	1158	50.57	0.00	50.57	50.57	50.57	50.57	50.57
noCat_SN15_SOL-B-G7-Map13	2313	23	1	0	1	0	92.30	0.00	92.30	92.30	92.30	92.30	92.30	23.00	0.00	23	23.00	23.00	23.00	23	0.99	0.00	0.99	0.99	0.99	0.99	0.99
noCat_SN15_SOL-B-G80-Map12	2095	851	7	0	5	0	93.16	4.05	87.45	92.10	92.10	96.74	97.40	197.60	136.29	76	135.00	135.00	218.00	424	9.43	6.51	3.63	6.44	6.44	10.41	20.24
noCat_SN2000-B-G82-Map20	3099	333	1	0	1	0	91.40	0.00	91.40	91.40	91.40	91.40	91.40	333.00	0.00	333	333.00	333.00	333.00	333	10.75	0.00	10.75	10.75	10.75	10.75	10.75
noCat_SN4-B-G41-Map20	2541	323	1	0	1	0	80.80	0.00	80.80	80.80	80.80	80.80	80.80	323.00	0.00	323	323.00	323.00	323.00	323	12.71	0.00	12.71	12.71	12.71	12.71	12.71
noCat_SN4-B-G9-Map20	1844	34	1	0	1	0	69.30	0.00	69.30	69.30	69.30	69.30	69.30	34.00	0.00	34	34.00	34.00	34.00	34	1.84	0.00	1.84	1.84	1.84	1.84	1.84
noCat_SN79_1087-B-G10-Map20	1712	2878	3	0	3	0	88.07	6.26	83.50	83.50	85.50	95.20	95.20	959.33	29.57	931	931.00	957.00	990.00	990	56.04	1.73	54.38	54.38	55.90	57.83	57.83
noCat_SN79_1087-B-G45-Map15	6588	4416	2	0	2	0	99.80	0.00	99.80	99.80	99.80	99.80	99.80	2250.00	3063.19	84	84.00	2250.00	4416.00	4416	34.15	46.50	1.28	1.28	34.15	67.03	67.03
noCat_SN79_1087-B-R26-Map13	9237	83778	16	3	13	3	94.19	1.25	90.78	93.70	94.39	94.86	95.80	6446.92	4175.13	94	5429.00	7101.00	9005.00	14332	69.79	45.20	1.02	58.77	76.88	97.49	155.16
PotentialHostGene_CS10-B-G87-Map9	2432	94	1	0	1	0	75.00	0.00	75.00	75.00	75.00	75.00	75.00	94.00	0.00	94	94.00	94.00	94.00	94	3.87	0.00	3.87	3.87	3.87	3.87	3.87
PotentialHostGene_CS10-B-R126-Map3	1891	79	1	0	1	0	60.80	0.00	60.80	60.80	60.80	60.80	60.80	79.00	0.00	79	79.00	79.00	79.00	79	4.18	0.00	4.18	4.18	4.18	4.18	4.18
PotentialHostGene_CS10-B-R86-Map3	5391	254	3	0	3	0	81.80	12.56	74.30	74.30	74.80	96.30	96.30	84.67	50.24	27	27.00	108.00	119.00	119	1.57	0.93	0.50	0.50	2.00	2.21	2.21
PotentialHostGene_CS10-B-R87-Map12	8046	75	1	0	1	0	59.50	0.00	59.50	59.50	59.50	59.50	59.50	75.00	0.00	75	75.00	75.00	75.00	75	0.93	0.00	0.93	0.93	0.93	0.93	0.93
PotentialHostGene_CS10-L-B36-Map1	11369	5216	9	0	7	0	68.56	6.38	59.30	59.90	70.20	72.60	75.52	745.14	1288.23	27	34.00	293.00	933.00	3576	6.55	11.33	0.24	0.30	2.58	8.21	31.45
PotentialHostGene_CS10_RS_22	5814	5527	10	0	8	0	64.05	5.32	54.10	60.60	65.61	69.61	69.80	725.75	688.88	246	279.00	392.50	1160.00	2229	12.48	11.85	4.23	4.80	6.75	19.95	38.34
PotentialHostGene_CS10_RS_64	1241	9820	22	0	21	0	67.00	4.12	57.20	66.50	68.20	69.30	72.30	467.62	221.57	66	284.00	526.00	640.00	715	37.68	17.85	5.32	22.88	42.39	51.57	57.61
PotentialHostGene_Ptr_1CBFP-B-G184-Map3	4708	1218	2	0	2	0	62.30	7.35	57.10	57.10	62.30	67.50	67.50	609.00	42.43	579	579.00	609.00	639.00	639	12.94	0.90	12.30	12.30	12.94	13.57	13.57
PotentialHostGene_Ptr_1CBFP-B-R116-Map5	2074	651	1	0	1	0	71.90	0.00	71.90	71.90	71.90	71.90	71.90	651.00	0.00	651	651.00	651.00	651.00	651	31.39	0.00	31.39	31.39	31.39	31.39	31.39
PotentialHostGene_Ptr_1CBFP-B-R209-Map4	1212	101	1	0	1	0	82.90	0.00	82.90	82.90	82.90	82.90	82.90	101.00	0.00	101	101.00	101.00	101.00	101	8.33	0.00	8.33	8.33	8.33	8.33	8.33
PotentialHostGene_Ptr_1CBFP-B-R249-Map3	4427	3697	2	0	2	0	78.95	8.84	72.70	72.70	78.95	85.20	85.20	1848.50	1457.35	818	818.00	1848.50	2879.00	2879	41.76	32.92	18.48	18.48	41.76	65.03	65.03
PotentialHostGene_Ptr_1CBFP-B-R69-Map4	2229	998	3	0	3	0	62.83	4.47	60.20	60.20	60.30	68.00	68.00	332.67	95.27	227	227.00	359.00	412.00	412	14.92	4.27	10.18	10.18	16.11	18.48	18.48
PotentialHostGene_Ptr_1CBFP-L-B136-Map1	5109	1604	5	0	5	0	68.18	14.15	54.10	60.00	60.60	79.00	87.20	320.80	315.66	38	83.00	279.00	376.00	828	6.28	6.18	0.74	1.62	5.46	7.36	16.21
PotentialHostGene_Ptr_1CBFP-L-B144-Map1	4003	1328	2	0	2	0	63.30	3.82	60.60	60.60	63.30	66.00	66.00	664.00	544.47	279	279.00	664.00	1049.00	1049	16.59	13.60	6.97	6.97	16.59	26.21	26.21
PotentialHostGene_Ptr_1CBFP-L-B50-Map1	13455	3152	8	0	8	0	65.59	9.60	54.50	59.10	63.20	72.90	82.10	394.00	215.33	54	374.00	396.00	598.00	724	2.93	1.60	0.40	2.78	2.94	4.44	5.38
PotentialHostGene_Ptr_1CBFP_RS_113	957	1894	7	0	6	0	66.63	9.33	57.30	59.98	65.05	69.70	82.70	315.67	236.13	52	54.00	328.50	501.00	630	32.99	24.67	5.43	5.64	34.33	52.35	65.83
PotentialHostGene_Ptr_1CBFP_RS_56	2196	5371	6	0	6	0	72.72	9.53	56.90	66.70	74.90	81.00	81.90	895.17	769.46	153	415.00	538.50	1705.00	2021	40.76	35.04	6.97	18.90	24.52	77.64	92.03
PotentialHostGene_SN2000-B-G44-Map5	1492	888	1	0	1	0	93.10	0.00	93.10	93.10	93.10	93.10	93.10	888.00	0.00	888	888.00	888.00	888.00	888	59.52	0.00	59.52	59.52	59.52	59.52	59.52
PotentialHostGene_SN2000-L-B17-Map1	11972	6610	4	0	4	0	81.70	11.93	70.80	78.20	78.65	98.70	98.70	1652.50	3098.45	82	87.00	114.00	6300.00	6300	13.80	25.88	0.68	0.73	0.95	52.62	52.62
PotentialHostGene_SN79_1087-B-G1-Map20	7451	15622	9	1	8	1	91.01	3.81	86.20	89.00	91.50	92.90	97.90	1952.75	2635.41	55	358.00	793.50	4651.00	7332	26.21	35.37	0.74	4.80	10.65	62.42	98.40
PotentialHostGene_SN79_1087-B-R25-Map11	5632	28532	16	1	14	1	91.49	5.06	78.00	89.00	93.99	94.40	95.43	2041.50	2046.20	52	249.00	1204.50	4337.00	5492	36.25	36.33	0.92	4.42	21.39	77.01	97.51
PotentialHostGene_SN79_1087-L-B30-Map1	2676	2326	2	0	2	0	91.90	11.46	83.80	83.80	91.90	100.00	100.00	1163.00	1600.89	31	31.00	1163.00	2295.00	2295	43.46	59.82	1.16	1.16	43.46	85.76	85.76
RIX-comp_CS10-B-G182-Map4	11998	123	2	0	2	0	81.15	3.04	79.00	79.00	81.15	83.30	83.30	61.50	4.95	58	58.00	61.50	65.00	65	0.51	0.04	0.48	0.48	0.51	0.54	0.54
RIX-comp_Ptr_1CBFP-B-R9-Map20	5977	62	1	0	1	0	80.20	0.00	80.20	80.20	80.20	80.20	80.20	62.00	0.00	62	62.00	62.00	62.00	62	1.04	0.00	1.04	1.04	1.04	1.04	1.04
RIX-incomp_CS10-B-G110-Map20_reversed	4583	33	1	0	1	0	90.90	0.00	90.90	90.90	90.90	90.90	90.90	33.00	0.00	33	33.00	33.00	33.00	33	0.72	0.00	0.72	0.72	0.72	0.72	0.72
RIX-incomp_CS10-B-G152-Map18	6001	30	1	0	1	0	93.30	0.00	93.30	93.30	93.30	93.30	93.30	30.00	0.00	30	30.00	30.00	30.00	30	0.50	0.00	0.50	0.50	0.50	0.50	0.50
RIX-incomp_CS10-B-P55.0-Map3	876	55	1	0	1	0	82.00	0.00	82.00	82.00	82.00	82.00	82.00	55.00	0.00	55	55.00	55.00	55.00	55	6.28	0.00	6.28	6.28	6.28	6.28	6.28
RIX-incomp_CS10-B-R59-Map20	16441	1351	6	0	6	0	81.53	5.53	76.70	77.00	80.40	83.00	91.70	225.17	153.64	35	63.00	237.50	361.00	417	1.37	0.93	0.21	0.38	1.44	2.20	2.54
RIX-incomp_CS10_RS_2	16859	394	3	0	3	0	70.70	9.92	59.50	59.50	74.20	78.40	78.40	131.33	58.07	75	75.00	128.00	191.00	191	0.78	0.34	0.44	0.44	0.76	1.13	1.13
RIX-incomp_SN15_SOL-B-G29-Map20	2699	95	1	0	1	0	97.90	0.00	97.90	97.90	97.90	97.90	97.90	95.00	0.00	95	95.00	95.00	95.00	95	3.52	0.00	3.52	3.52	3.52	3.52	3.52
RLX-comp-chim_CS10-L-B15-Map2	6311	201	1	0	1	0	62.20	0.00	62.20	62.20	62.20	62.20	62.20	201.00	0.00	201	201.00	201.00	201.00	201	3.18	0.00	3.18	3.18	3.18	3.18	3.18
RLX-comp-chim_CS10-L-B34-Map1	12659	107	1	0	1	0	75.70	0.00	75.70	75.70	75.70	75.70	75.70	107.00	0.00	107	107.00	107.00	107.00	107	0.85	0.00	0.85	0.85	0.85	0.85	0.85
RLX-comp-chim_CS10_RS_6	13662	36	1	0	1	0	89.20	0.00	89.20	89.20	89.20	89.20	89.20	36.00	0.00	36	36.00	36.00	36.00	36	0.26	0.00	0.26	0.26	0.26	0.26	0.26
RLX-comp-chim_Ptr_1CBFP_RS_2	15225	38	1	0	1	0	87.20	0.00	87.20	87.20	87.20	87.20	87.20	38.00	0.00	38	38.00	38.00	38.00	38	0.25	0.00	0.25	0.25	0.25	0.25	0.25
RLX-comp-chim_SN15_SOL-L-B11-Map1	19771	64	1	0	1	0	83.90	0.00	83.90	83.90	83.90	83.90	83.90	64.00	0.00	64	64.00	64.00	64.00	64	0.32	0.00	0.32	0.32	0.32	0.32	0.32
RLX-comp-chim_SN15_SOL-L-B20-Map1	15709	203	1	0	1	0	79.20	0.00	79.20	79.20	79.20	79.20	79.20	203.00	0.00	203	203.00	203.00	203.00	203	1.29	0.00	1.29	1.29	1.29	1.29	1.29
RLX-comp-chim_SN15_SOL-L-B21-Map1_reversed	15418	484	3	0	3	0	88.13	12.72	74.70	74.70	89.70	100.00	100.00	161.33	103.73	46	46.00	191.00	247.00	247	1.05	0.67	0.30	0.30	1.24	1.60	1.60
RLX-comp-chim_SN15_SOL-L-B6-Map1_reversed	23289	1093	1	0	1	0	73.90	0.00	73.90	73.90	73.90	73.90	73.90	1093.00	0.00	1093	1093.00	1093.00	1093.00	1093	4.69	0.00	4.69	4.69	4.69	4.69	4.69
RLX-comp-chim_SN15_SOL-L-B7-Map1_reversed	22624	661	1	0	1	0	71.60	0.00	71.60	71.60	71.60	71.60	71.60	661.00	0.00	661	661.00	661.00	661.00	661	2.92	0.00	2.92	2.92	2.92	2.92	2.92
RLX-comp-chim_SN2000-L-B23-Map1_reversed	10838	19729	8	1	6	1	75.83	6.92	69.90	71.50	73.60	77.40	88.95	3289.33	4036.28	31	165.00	2348.50	4220.00	10623	30.35	37.24	0.29	1.52	21.67	38.94	98.02
RLX-comp-chim_SN2000-L-B30-Map1	9112	437	1	0	1	0	90.70	0.00	90.70	90.70	90.70	90.70	90.70	437.00	0.00	437	437.00	437.00	437.00	437	4.80	0.00	4.80	4.80	4.80	4.80	4.80
RLX-comp-chim_SN4_RS_6	12849	14538	3	0	3	0	89.70	2.52	86.80	86.80	91.00	91.30	91.30	4846.00	4264.76	23	23.00	6396.00	8119.00	8119	37.71	33.19	0.18	0.18	49.78	63.19	63.19
RLX-comp-chim_SN79_1087_RS_1	14325	39416	8	0	8	0	89.56	5.71	78.10	90.80	92.20	93.20	93.50	4927.00	4464.86	60	639.00	5240.00	8233.00	12427	34.39	31.17	0.42	4.46	36.58	57.47	86.75
RLX-comp_CS10-B-R159-Map5_reversed	7414	99	2	0	2	0	85.85	10.25	78.60	78.60	85.85	93.10	93.10	49.50	28.99	29	29.00	49.50	70.00	70	0.67	0.39	0.39	0.39	0.67	0.94	0.94
RLX-comp_CS10-L-B37-Map1_reversed	11017	261	2	0	2	0	80.05	8.27	74.20	74.20	80.05	85.90	85.90	130.50	64.35	85	85.00	130.50	176.00	176	1.18	0.58	0.77	0.77	1.18	1.60	1.60
RLX-comp_CS10-L-B84-Map1	6457	35	1	0	1	0	88.90	0.00	88.90	88.90	88.90	88.90	88.90	35.00	0.00	35	35.00	35.00	35.00	35	0.54	0.00	0.54	0.54	0.54	0.54	0.54
RLX-comp_Ptr_1CBFP-B-R68-Map14	5832	53	1	0	1	0	84.00	0.00	84.00	84.00	84.00	84.00	84.00	53.00	0.00	53	53.00	53.00	53.00	53	0.91	0.00	0.91	0.91	0.91	0.91	0.91
RLX-comp_Ptr_1CBFP-L-B121-Map1	5415	70	2	0	2	0	90.65	4.88	87.20	87.20	90.65	94.10	94.10	35.00	4.24	32	32.00	35.00	38.00	38	0.65	0.08	0.59	0.59	0.65	0.70	0.70
RLX-comp_SN15_SOL-L-B57-Map1_reversed	8683	181	2	0	2	0	92.55	0.35	92.30	92.30	92.55	92.80	92.80	181.00	0.00	181	181.00	181.00	181.00	181	2.08	0.00	2.08	2.08	2.08	2.08	2.08
RLX-comp_SN15_SOL-L-B9-Map1_reversed	22122	25	1	0	1	0	75.60	0.00	75.60	75.60	75.60	75.60	75.60	25.00	0.00	25	25.00	25.00	25.00	25	0.11	0.00	0.11	0.11	0.11	0.11	0.11
RLX-comp_SN2000-L-B7-Map1	18439	130	1	0	1	0	80.90	0.00	80.90	80.90	80.90	80.90	80.90	130.00	0.00	130	130.00	130.00	130.00	130	0.71	0.00	0.71	0.71	0.71	0.71	0.71
RLX-comp_SN4-L-B35-Map1_reversed	12525	265	1	0	1	0	60.00	0.00	60.00	60.00	60.00	60.00	60.00	265.00	0.00	265	265.00	265.00	265.00	265	2.12	0.00	2.12	2.12	2.12	2.12	2.12
RLX-comp_SN4-L-B64-Map1_reversed	8683	202	1	0	1	0	78.20	0.00	78.20	78.20	78.20	78.20	78.20	202.00	0.00	202	202.00	202.00	202.00	202	2.33	0.00	2.33	2.33	2.33	2.33	2.33
RLX-comp_SN79_1087-B-R77-Map3	7165	7632	3	1	3	1	84.30	11.13	74.70	74.70	81.70	96.50	96.50	2544.00	3965.73	215	215.00	294.00	7123.00	7123	35.51	55.35	3.00	3.00	4.10	99.41	99.41
RLX-comp_SN79_1087-L-B19-Map1	7453	7451	1	1	1	1	99.80	0.00	99.80	99.80	99.80	99.80	99.80	7451.00	0.00	7451	7451.00	7451.00	7451.00	7451	99.97	0.00	99.97	99.97	99.97	99.97	99.97
RLX-comp_SN79_1087-L-B24-Map1	7201	12306	3	1	3	1	86.73	14.71	70.70	70.70	89.90	99.60	99.60	4102.00	2669.12	2548	2548.00	2574.00	7184.00	7184	56.96	37.07	35.38	35.38	35.75	99.76	99.76
RLX-incomp-chim_CS10-B-G9-Map20	13135	66	1	0	1	0	79.70	0.00	79.70	79.70	79.70	79.70	79.70	66.00	0.00	66	66.00	66.00	66.00	66	0.50	0.00	0.50	0.50	0.50	0.50	0.50
RLX-incomp-chim_CS10-L-B32-Map1_reversed	13677	435	9	0	9	0	87.36	6.01	79.50	84.80	86.80	88.40	96.90	48.33	17.61	27	38.00	44.00	61.00	76	0.35	0.13	0.20	0.28	0.32	0.45	0.56
RLX-incomp-chim_Ptr_1CBFP-L-B132-Map1	5266	184	2	0	2	0	77.70	6.79	72.90	72.90	77.70	82.50	82.50	92.00	42.43	62	62.00	92.00	122.00	122	1.75	0.81	1.18	1.18	1.75	2.32	2.32
RLX-incomp-chim_Ptr_1CBFP-L-B46-Map1_reversed	18426	8437	11	0	10	0	73.70	8.34	64.40	68.90	72.95	74.50	95.40	843.70	1277.40	29	146.00	307.50	960.00	4064	4.58	6.93	0.16	0.79	1.67	5.21	22.06
RLX-incomp-chim_Ptr_1CBFP-L-B9-Map7	6415	40	1	0	1	0	97.50	0.00	97.50	97.50	97.50	97.50	97.50	40.00	0.00	40	40.00	40.00	40.00	40	0.62	0.00	0.62	0.62	0.62	0.62	0.62
RLX-incomp-chim_Ptr_1CBFP-L-B93-Map1	6315	60	1	0	1	0	80.30	0.00	80.30	80.30	80.30	80.30	80.30	60.00	0.00	60	60.00	60.00	60.00	60	0.95	0.00	0.95	0.95	0.95	0.95	0.95
RLX-incomp-chim_Ptr_1CBFP_RS_8	10408	348	1	0	1	0	77.80	0.00	77.80	77.80	77.80	77.80	77.80	348.00	0.00	348	348.00	348.00	348.00	348	3.34	0.00	3.34	3.34	3.34	3.34	3.34
RLX-incomp-chim_SN15_SOL-L-B24-Map1	14221	100	2	0	2	0	77.80	0.00	77.80	77.80	77.80	77.80	77.80	50.00	2.83	48	48.00	50.00	52.00	52	0.35	0.02	0.34	0.34	0.35	0.37	0.37
RLX-incomp-chim_SN15_SOL-L-B34-Map1_reversed	10191	226	1	0	1	0	89.80	0.00	89.80	89.80	89.80	89.80	89.80	226.00	0.00	226	226.00	226.00	226.00	226	2.22	0.00	2.22	2.22	2.22	2.22	2.22
RLX-incomp-chim_SN15_SOL-L-B35-Map1	9790	2911	9	0	8	0	80.02	6.78	71.40	74.50	81.23	87.90	89.20	363.88	364.33	44	123.00	223.00	642.00	1119	3.72	3.72	0.45	1.26	2.28	6.56	11.43
RLX-incomp-chim_SN15_SOL-L-B8-Map1_reversed	22211	18105	3	0	1	0	84.60	0.00	84.60	84.60	84.60	84.60	84.60	18105.00	0.00	18105	18105.00	18105.00	18105.00	18105	81.51	0.00	81.51	81.51	81.51	81.51	81.51
RLX-incomp-chim_SN2000-L-B26-Map1_reversed	9961	432	4	0	4	0	70.85	2.33	68.00	69.90	71.30	72.80	72.80	108.00	71.61	22	83.00	111.00	188.00	188	1.08	0.72	0.22	0.83	1.11	1.89	1.89
RLX-incomp-chim_SN2000-L-B4-Map1	23182	21158	6	0	6	0	77.63	8.80	70.70	71.30	75.15	80.00	93.50	3526.33	7926.46	21	31.00	175.50	1069.00	19686	15.21	34.19	0.09	0.13	0.76	4.61	84.92
RLX-incomp-chim_SN4-L-B10-Map1_reversed	20068	398	3	0	3	0	85.30	5.31	80.90	80.90	83.80	91.20	91.20	132.67	99.01	33	33.00	134.00	231.00	231	0.66	0.49	0.16	0.16	0.67	1.15	1.15
RLX-incomp-chim_SN4-L-B17-Map1	17089	85	2	0	2	0	85.15	4.88	81.70	81.70	85.15	88.60	88.60	42.50	27.58	23	23.00	42.50	62.00	62	0.25	0.16	0.13	0.13	0.25	0.36	0.36
RLX-incomp-chim_SN4-L-B24-Map1_reversed	14821	464	2	0	2	0	83.75	11.10	75.90	75.90	83.75	91.60	91.60	232.00	175.36	108	108.00	232.00	356.00	356	1.57	1.18	0.73	0.73	1.57	2.40	2.40
RLX-incomp-chim_SN4-L-B31-Map1	13416	18701	9	0	7	0	76.97	9.93	59.40	71.60	78.40	82.92	90.48	2672.00	4264.45	31	100.00	650.00	4479.00	11666	19.92	31.79	0.23	0.75	4.84	33.39	86.96
RLX-incomp-chim_SN4-L-B7-Map1	21254	6275	6	0	4	0	78.78	5.22	71.40	79.20	80.11	83.50	83.50	1571.75	1198.19	109	1295.00	1599.50	2979.00	2979	7.40	5.64	0.51	6.09	7.53	14.02	14.02
RLX-incomp-chim_SN4_RS_2	17584	345	1	0	1	0	93.70	0.00	93.70	93.70	93.70	93.70	93.70	345.00	0.00	345	345.00	345.00	345.00	345	1.96	0.00	1.96	1.96	1.96	1.96	1.96
RLX-incomp-chim_SN79_1087-L-B1-Map1	19424	21366	5	1	5	1	83.56	11.44	72.70	77.00	77.20	91.00	99.90	4273.20	8464.63	86	113.00	287.00	1501.00	19379	22.00	43.58	0.44	0.58	1.48	7.73	99.77
RLX-incomp-chim_SN79_1087-L-B10-Map1	11044	11008	1	1	1	1	99.60	0.00	99.60	99.60	99.60	99.60	99.60	11008.00	0.00	11008	11008.00	11008.00	11008.00	11008	99.67	0.00	99.67	99.67	99.67	99.67	99.67
RLX-incomp-chim_SN79_1087-L-B12-Map1	9901	9993	2	1	2	1	90.45	13.51	80.90	80.90	90.45	100.00	100.00	4996.50	6906.31	113	113.00	4996.50	9880.00	9880	50.46	69.75	1.14	1.14	50.46	99.79	99.79
RLX-incomp-chim_SN79_1087-L-B13-Map1	9711	26527	5	1	4	1	86.54	10.16	75.10	84.28	85.69	99.70	99.70	6631.75	4419.38	104	7807.00	8372.00	9679.00	9679	68.29	45.51	1.07	80.39	86.21	99.67	99.67
RLX-incomp-chim_SN79_1087-L-B25-Map1_reversed	7151	10021	3	1	3	1	86.27	11.47	78.20	78.20	81.20	99.40	99.40	3340.33	3474.76	258	258.00	2657.00	7106.00	7106	46.71	48.59	3.61	3.61	37.16	99.37	99.37
RLX-incomp-chim_SN79_1087-L-B27-Map1_reversed	6401	6428	2	1	2	1	93.75	8.84	87.50	87.50	93.75	100.00	100.00	3214.00	4490.13	39	39.00	3214.00	6389.00	6389	50.21	70.15	0.61	0.61	50.21	99.81	99.81
RLX-incomp-chim_SN79_1087-L-B7-Map1	14882	23328	6	1	5	1	85.42	11.45	71.70	76.80	85.90	93.00	99.70	4665.60	6031.34	259	887.00	1855.00	5502.00	14825	31.35	40.53	1.74	5.96	12.46	36.97	99.62
RLX-incomp_CS10-B-G8-Map20	12027	237	1	0	1	0	66.80	0.00	66.80	66.80	66.80	66.80	66.80	237.00	0.00	237	237.00	237.00	237.00	237	1.97	0.00	1.97	1.97	1.97	1.97	1.97
RLX-incomp_Ptr_1CBFP-B-G2-Map20	5906	51	1	0	1	0	84.00	0.00	84.00	84.00	84.00	84.00	84.00	51.00	0.00	51	51.00	51.00	51.00	51	0.86	0.00	0.86	0.86	0.86	0.86	0.86
RLX-incomp_Ptr_1CBFP-B-G209-Map9	5251	1660	1	0	1	0	79.00	0.00	79.00	79.00	79.00	79.00	79.00	1660.00	0.00	1660	1660.00	1660.00	1660.00	1660	31.61	0.00	31.61	31.61	31.61	31.61	31.61
RLX-incomp_Ptr_1CBFP-B-G230-Map7_reversed	5938	64	1	0	1	0	81.40	0.00	81.40	81.40	81.40	81.40	81.40	64.00	0.00	64	64.00	64.00	64.00	64	1.08	0.00	1.08	1.08	1.08	1.08	1.08
RLX-incomp_Ptr_1CBFP-B-G415-Map3_reversed	1394	465	1	0	1	0	77.10	0.00	77.10	77.10	77.10	77.10	77.10	465.00	0.00	465	465.00	465.00	465.00	465	33.36	0.00	33.36	33.36	33.36	33.36	33.36
RLX-incomp_Ptr_1CBFP-B-P45.12-Map7	6039	89	2	0	2	0	85.05	5.02	81.50	81.50	85.05	88.60	88.60	44.50	13.44	35	35.00	44.50	54.00	54	0.74	0.22	0.58	0.58	0.74	0.89	0.89
RLX-incomp_Ptr_1CBFP-B-R192-Map13	6315	601	4	0	4	0	81.50	8.06	74.70	77.20	79.20	92.90	92.90	150.25	153.38	28	85.00	99.50	374.00	374	2.38	2.43	0.44	1.35	1.58	5.92	5.92
RLX-incomp_Ptr_1CBFP-B-R291-Map3_reversed	2785	113	1	0	1	0	72.60	0.00	72.60	72.60	72.60	72.60	72.60	113.00	0.00	113	113.00	113.00	113.00	113	4.06	0.00	4.06	4.06	4.06	4.06	4.06
RLX-incomp_Ptr_1CBFP-L-B123-Map1	5403	327	1	0	1	0	79.60	0.00	79.60	79.60	79.60	79.60	79.60	327.00	0.00	327	327.00	327.00	327.00	327	6.05	0.00	6.05	6.05	6.05	6.05	6.05
RLX-incomp_Ptr_1CBFP-L-B157-Map1	2016	45	1	0	1	0	91.10	0.00	91.10	91.10	91.10	91.10	91.10	45.00	0.00	45	45.00	45.00	45.00	45	2.23	0.00	2.23	2.23	2.23	2.23	2.23
RLX-incomp_Ptr_1CBFP-L-B89-Map1	6574	1214	3	0	3	0	74.13	2.73	71.00	71.00	75.40	76.00	76.00	404.67	528.39	73	73.00	127.00	1014.00	1014	6.16	8.04	1.11	1.11	1.93	15.42	15.42
RLX-incomp_SN15_SOL-B-R50-Map20	7434	61	1	0	1	0	79.70	0.00	79.70	79.70	79.70	79.70	79.70	61.00	0.00	61	61.00	61.00	61.00	61	0.82	0.00	0.82	0.82	0.82	0.82	0.82
RLX-incomp_SN15_SOL-L-B39-Map1	9020	63	1	0	1	0	82.80	0.00	82.80	82.80	82.80	82.80	82.80	63.00	0.00	63	63.00	63.00	63.00	63	0.70	0.00	0.70	0.70	0.70	0.70	0.70
RLX-incomp_SN15_SOL-L-B70-Map1_reversed	7007	481	1	0	1	0	74.30	0.00	74.30	74.30	74.30	74.30	74.30	481.00	0.00	481	481.00	481.00	481.00	481	6.86	0.00	6.86	6.86	6.86	6.86	6.86
RLX-incomp_SN2000-B-G74-Map17	3203	86	2	0	2	0	94.25	1.48	93.20	93.20	94.25	95.30	95.30	43.00	22.63	27	27.00	43.00	59.00	59	1.34	0.71	0.84	0.84	1.34	1.84	1.84
RLX-incomp_SN2000-B-R51-Map9_reversed	5760	8393	7	1	7	1	85.70	8.23	73.20	75.10	89.50	91.90	93.60	1199.00	1926.49	272	311.00	360.00	1123.00	5517	20.82	33.45	4.72	5.40	6.25	19.50	95.78
RLX-incomp_SN2000-L-B25-Map1_reversed	10197	10579	2	1	2	1	86.50	1.70	85.30	85.30	86.50	87.70	87.70	5289.50	6644.68	591	591.00	5289.50	9988.00	9988	51.87	65.16	5.80	5.80	51.87	97.95	97.95
RLX-incomp_SN4-B-G149-Map9	8985	37	1	0	1	0	92.80	0.00	92.80	92.80	92.80	92.80	92.80	37.00	0.00	37	37.00	37.00	37.00	37	0.41	0.00	0.41	0.41	0.41	0.41	0.41
RLX-incomp_SN4-B-G153-Map3	10964	242	1	0	1	0	71.00	0.00	71.00	71.00	71.00	71.00	71.00	242.00	0.00	242	242.00	242.00	242.00	242	2.21	0.00	2.21	2.21	2.21	2.21	2.21
RLX-incomp_SN4-L-B18-Map1	17023	533	1	0	1	0	79.80	0.00	79.80	79.80	79.80	79.80	79.80	533.00	0.00	533	533.00	533.00	533.00	533	3.13	0.00	3.13	3.13	3.13	3.13	3.13
RLX-incomp_SN4-L-B21-Map1	15637	2447	3	0	2	0	73.40	1.13	72.60	72.60	73.40	74.20	74.20	1223.50	1694.93	25	25.00	1223.50	2422.00	2422	7.82	10.84	0.16	0.16	7.82	15.49	15.49
RLX-incomp_SN4-L-B37-Map1	11550	2984	1	0	1	0	76.30	0.00	76.30	76.30	76.30	76.30	76.30	2984.00	0.00	2984	2984.00	2984.00	2984.00	2984	25.84	0.00	25.84	25.84	25.84	25.84	25.84
RLX-incomp_SN4-L-B48-Map1	8989	8242	8	0	5	0	87.43	5.50	77.90	87.50	90.30	90.65	90.80	1651.20	2835.22	25	58.00	396.00	1115.00	6662	18.37	31.54	0.28	0.65	4.41	12.40	74.11
RLX-incomp_SN4-L-B55-Map1_reversed	8810	285	2	0	2	0	89.05	1.91	87.70	87.70	89.05	90.40	90.40	142.50	119.50	58	58.00	142.50	227.00	227	1.62	1.36	0.66	0.66	1.62	2.58	2.58
RLX-incomp_SN4-L-B70-Map1_reversed	8645	337	2	0	2	0	81.75	4.60	78.50	78.50	81.75	85.00	85.00	168.50	185.97	37	37.00	168.50	300.00	300	1.95	2.15	0.43	0.43	1.95	3.47	3.47
RLX-incomp_SN4-L-B83-Map1	6449	425	3	0	3	0	79.33	4.54	75.40	75.40	78.30	84.30	84.30	141.67	64.44	82	82.00	133.00	210.00	210	2.20	1.00	1.27	1.27	2.06	3.26	3.26
RLX-incomp_SN4_RS_7_reversed	12623	11587	1	0	1	0	76.50	0.00	76.50	76.50	76.50	76.50	76.50	11587.00	0.00	11587	11587.00	11587.00	11587.00	11587	91.79	0.00	91.79	91.79	91.79	91.79	91.79
RLX-incomp_SN79_1087-B-G42-Map14	5186	51	1	0	1	0	94.10	0.00	94.10	94.10	94.10	94.10	94.10	51.00	0.00	51	51.00	51.00	51.00	51	0.98	0.00	0.98	0.98	0.98	0.98	0.98
RLX-incomp_SN79_1087-B-R33-Map3	2839	767	2	0	2	0	85.35	18.46	72.30	72.30	85.35	98.40	98.40	383.50	89.80	320	320.00	383.50	447.00	447	13.51	3.16	11.27	11.27	13.51	15.74	15.74
RLX-incomp_SN79_1087-L-B21-Map1_reversed	7424	7414	1	1	1	1	99.70	0.00	99.70	99.70	99.70	99.70	99.70	7414.00	0.00	7414	7414.00	7414.00	7414.00	7414	99.87	0.00	99.87	99.87	99.87	99.87	99.87
RLX-incomp_SN79_1087-L-B23-Map1	7331	12469	7	1	7	1	92.63	5.40	85.20	90.40	90.70	99.90	99.90	1781.29	2607.91	40	55.00	696.00	3396.00	7070	24.30	35.57	0.55	0.75	9.49	46.32	96.44
RPX-incomp-chim_CS10-B-G167-Map11_reversed	8021	3064	21	0	21	0	95.70	7.84	72.60	96.50	98.50	99.30	100.00	147.43	58.80	32	138.00	166.00	177.00	234	1.84	0.73	0.40	1.72	2.07	2.21	2.92
RPX-incomp-chim_Ptr_1CBFP-L-B48-Map1	15029	12351	12	0	9	0	75.82	10.28	62.21	66.70	75.60	76.60	93.50	1372.33	1365.50	31	132.00	1155.00	2845.00	3536	9.13	9.09	0.21	0.88	7.69	18.93	23.53
RXX-chim_SN15_SOL-L-B63-Map1_reversed	7690	6232	5	0	5	0	82.20	4.88	74.80	82.00	82.70	83.00	88.50	1246.40	2636.70	47	60.00	75.00	87.00	5963	16.21	34.29	0.61	0.78	0.98	1.13	77.54
RXX-chim_SN4-L-B86-Map1	6094	489	1	0	1	0	84.20	0.00	84.20	84.20	84.20	84.20	84.20	489.00	0.00	489	489.00	489.00	489.00	489	8.02	0.00	8.02	8.02	8.02	8.02	8.02
RXX-LARD-chim_Ptr_1CBFP-L-B54-Map1	13205	6086	4	0	4	0	79.20	4.08	74.00	78.10	79.75	83.30	83.30	1521.50	2618.86	74	83.00	286.50	5439.00	5439	11.52	19.83	0.56	0.63	2.17	41.19	41.19
RXX-LARD-chim_Ptr_1CBFP-L-B59-Map1	10367	1596	5	0	5	0	76.00	12.70	59.80	65.00	83.30	83.70	88.20	319.20	608.77	34	41.00	47.00	66.00	1408	3.08	5.87	0.33	0.40	0.45	0.64	13.58
RXX-LARD-chim_Ptr_1CBFP-L-B64-Map1	8981	7183	9	0	9	0	70.91	4.61	63.80	67.80	70.60	74.40	76.00	798.11	800.01	93	188.00	557.00	921.00	2499	8.89	8.91	1.04	2.09	6.20	10.25	27.83
RXX-LARD-chim_Ptr_1CBFP-L-B72-Map1	8277	48	1	0	1	0	83.70	0.00	83.70	83.70	83.70	83.70	83.70	48.00	0.00	48	48.00	48.00	48.00	48	0.58	0.00	0.58	0.58	0.58	0.58	0.58
RXX-LARD-chim_SN15_SOL-L-B5-Map1	24531	23463	2	0	2	0	87.95	6.72	83.20	83.20	87.95	92.70	92.70	11731.50	14079.20	1776	1776.00	11731.50	21687.00	21687	47.82	57.39	7.24	7.24	47.82	88.41	88.41
RXX-LARD-chim_SN15_SOL-L-B62-Map1	7807	25	1	0	1	0	72.30	0.00	72.30	72.30	72.30	72.30	72.30	25.00	0.00	25	25.00	25.00	25.00	25	0.32	0.00	0.32	0.32	0.32	0.32	0.32
RXX-LARD-chim_SN4-L-B30-Map1	14220	71	2	0	2	0	86.40	19.23	72.80	72.80	86.40	100.00	100.00	35.50	14.85	25	25.00	35.50	46.00	46	0.25	0.10	0.18	0.18	0.25	0.32	0.32
RXX-LARD-chim_SN4-L-B72-Map1_reversed	8270	25	1	0	1	0	71.60	0.00	71.60	71.60	71.60	71.60	71.60	25.00	0.00	25	25.00	25.00	25.00	25	0.30	0.00	0.30	0.30	0.30	0.30	0.30
RXX-LARD-chim_SN4-L-B77-Map1	6820	763	2	0	2	0	79.80	1.70	78.60	78.60	79.80	81.00	81.00	381.50	441.94	69	69.00	381.50	694.00	694	5.59	6.48	1.01	1.01	5.59	10.18	10.18
RXX-LARD-chim_SN4-L-B89-Map1	5268	4791	7	0	7	0	82.80	8.21	71.00	73.20	84.30	90.80	92.30	684.43	1037.51	58	60.00	382.00	721.00	2978	12.99	19.69	1.10	1.14	7.25	13.69	56.53
RXX-LARD_CS10-L-B111-Map1	5547	3323	6	0	4	0	57.66	3.16	54.60	55.30	57.65	60.76	60.76	830.75	346.86	376	848.00	863.50	1220.00	1220	14.98	6.25	6.78	15.29	15.57	21.99	21.99
RXX-LARD_CS10-L-B118-Map1	4203	2598	4	0	3	0	58.26	5.99	53.50	53.50	56.30	64.98	64.98	866.00	1003.98	158	158.00	425.00	2015.00	2015	20.60	23.89	3.76	3.76	10.11	47.94	47.94
RXX-LARD_CS10-L-B128-Map1	2441	225	1	0	1	0	78.40	0.00	78.40	78.40	78.40	78.40	78.40	225.00	0.00	225	225.00	225.00	225.00	225	9.22	0.00	9.22	9.22	9.22	9.22	9.22
RXX-LARD_CS10-L-B49-Map1	8193	5018	12	0	11	0	66.61	5.26	58.90	60.60	66.90	70.74	74.40	456.18	737.04	23	43.00	164.00	376.00	2426	5.57	9.00	0.28	0.52	2.00	4.59	29.61
RXX-LARD_CS10-L-B9-Map4	23986	17980	4	0	1	0	89.91	0.00	89.91	89.91	89.91	89.91	89.91	17986.00	0.00	17986	17986.00	17986.00	17986.00	17986	74.99	0.00	74.99	74.99	74.99	74.99	74.99
RXX-LARD_CS10_RS_1	20014	37	1	0	1	0	86.50	0.00	86.50	86.50	86.50	86.50	86.50	37.00	0.00	37	37.00	37.00	37.00	37	0.18	0.00	0.18	0.18	0.18	0.18	0.18
RXX-LARD_Ptr_1CBFP-L-B126-Map1	5349	1464	1	0	1	0	69.80	0.00	69.80	69.80	69.80	69.80	69.80	1464.00	0.00	1464	1464.00	1464.00	1464.00	1464	27.37	0.00	27.37	27.37	27.37	27.37	27.37
RXX-LARD_Ptr_1CBFP-L-B163-Map1	1584	44	1	0	1	0	92.10	0.00	92.10	92.10	92.10	92.10	92.10	44.00	0.00	44	44.00	44.00	44.00	44	2.78	0.00	2.78	2.78	2.78	2.78	2.78
RXX-LARD_SN15_SOL-L-B1-Map3	9439	1838	3	0	2	0	88.82	10.35	81.50	81.50	88.82	96.14	96.14	919.00	1224.71	53	53.00	919.00	1785.00	1785	9.74	12.97	0.56	0.56	9.74	18.91	18.91
RXX-LARD_SN15_SOL-L-B10-Map1	20406	461	3	0	3	0	74.73	11.35	62.00	62.00	78.40	83.80	83.80	153.67	144.00	45	45.00	99.00	317.00	317	0.75	0.71	0.22	0.22	0.49	1.55	1.55
RXX-LARD_SN15_SOL-L-B72-Map1	6610	2071	5	0	4	0	81.19	4.90	74.00	82.10	83.17	84.40	84.40	518.25	798.01	75	119.00	142.00	1714.00	1714	7.84	12.07	1.13	1.80	2.15	25.93	25.93
RXX-LARD_SN15_SOL-L-B83-Map1	4398	175	2	0	2	0	83.15	1.48	82.10	82.10	83.15	84.20	84.20	87.50	44.55	56	56.00	87.50	119.00	119	1.99	1.01	1.27	1.27	1.99	2.71	2.71
RXX-LARD_SN15_SOL-L-B85-Map1	3381	7748	37	0	37	0	85.38	5.76	72.40	81.90	84.00	88.50	98.80	209.41	368.62	23	126.00	132.00	149.00	1901	6.19	10.90	0.68	3.73	3.90	4.41	56.23
RXX-LARD_SN15_SOL-L-B86-Map1	2690	78	1	0	1	0	74.80	0.00	74.80	74.80	74.80	74.80	74.80	78.00	0.00	78	78.00	78.00	78.00	78	2.90	0.00	2.90	2.90	2.90	2.90	2.90
RXX-LARD_SN15_SOL_RS_1	20014	352	4	0	4	0	82.53	7.17	72.30	83.50	84.45	88.90	88.90	88.00	39.45	36	79.00	97.00	122.00	122	0.44	0.20	0.18	0.39	0.48	0.61	0.61
RXX-LARD_SN2000-L-B10-Map1	17495	16869	1	1	1	1	85.00	0.00	85.00	85.00	85.00	85.00	85.00	16869.00	0.00	16869	16869.00	16869.00	16869.00	16869	96.42	0.00	96.42	96.42	96.42	96.42	96.42
RXX-LARD_SN2000-L-B13-Map1	14891	20705	9	0	9	0	86.78	6.62	73.60	82.50	90.50	90.90	94.80	2300.56	2014.03	27	1066.00	1567.00	3387.00	6344	15.45	13.53	0.18	7.16	10.52	22.75	42.60
RXX-LARD_SN2000-L-B18-Map1	11765	46	1	0	1	0	93.40	0.00	93.40	93.40	93.40	93.40	93.40	46.00	0.00	46	46.00	46.00	46.00	46	0.39	0.00	0.39	0.39	0.39	0.39	0.39
RXX-LARD_SN2000-L-B55-Map1	6213	129	2	0	2	0	80.00	0.42	79.70	79.70	80.00	80.30	80.30	64.50	3.54	62	62.00	64.50	67.00	67	1.04	0.06	1.00	1.00	1.04	1.08	1.08
RXX-LARD_SN2000-L-B59-Map1	4203	812	3	0	2	0	78.25	18.31	65.30	65.30	78.25	91.20	91.20	406.00	476.59	69	69.00	406.00	743.00	743	9.66	11.34	1.64	1.64	9.66	17.68	17.68
RXX-LARD_SN2000-L-B60-Map1	3927	330	1	0	1	0	89.40	0.00	89.40	89.40	89.40	89.40	89.40	330.00	0.00	330	330.00	330.00	330.00	330	8.40	0.00	8.40	8.40	8.40	8.40	8.40
RXX-LARD_SN4-B-G160-Map3	19899	30804	22	0	18	0	92.21	7.64	72.40	93.29	94.88	96.80	99.00	1716.61	2873.41	22	118.00	372.50	1878.00	9976	8.63	14.44	0.11	0.59	1.87	9.44	50.13
RXX-LARD_SN4-L-B22-Map1	14998	1300	9	0	9	0	86.71	5.44	77.00	82.10	87.80	89.40	93.80	144.44	118.31	28	55.00	112.00	204.00	394	0.96	0.79	0.19	0.37	0.75	1.36	2.63
RXX-LARD_SN4-L-B23-Map1	14985	243	1	0	1	0	93.80	0.00	93.80	93.80	93.80	93.80	93.80	243.00	0.00	243	243.00	243.00	243.00	243	1.62	0.00	1.62	1.62	1.62	1.62	1.62
RXX-LARD_SN4-L-B29-Map1	14474	3423	6	0	5	0	85.38	10.10	71.80	77.30	91.70	92.30	93.80	684.60	726.69	71	243.00	253.00	1075.00	1781	4.73	5.02	0.49	1.68	1.75	7.43	12.30
RXX-LARD_SN4-L-B6-Map1	21339	723	2	0	2	0	74.05	2.33	72.40	72.40	74.05	75.70	75.70	361.50	348.60	115	115.00	361.50	608.00	608	1.69	1.63	0.54	0.54	1.69	2.85	2.85
RXX-LARD_SN79_1087-B-R45-Map8	9403	32401	19	3	19	3	84.52	8.81	68.80	74.70	87.90	92.00	95.50	1705.32	3420.91	87	178.00	187.00	197.00	9398	18.14	36.38	0.93	1.89	1.99	2.10	99.95
RXX-LARD_SN79_1087-L-B28-Map1	5876	400	2	0	2	0	93.75	8.84	87.50	87.50	93.75	100.00	100.00	200.00	250.32	23	23.00	200.00	377.00	377	3.40	4.26	0.39	0.39	3.40	6.42	6.42
RXX-LARD_SN79_1087-L-B32-Map1	2536	10246	12	1	12	1	88.39	8.06	71.60	89.60	90.65	92.00	100.00	853.83	847.35	25	177.00	623.50	1703.00	2536	33.67	33.41	0.99	6.98	24.59	67.15	100.00
RXX-LARD_SN79_1087-L-B33-Map1	2273	1842	1	0	1	0	100.00	0.00	100.00	100.00	100.00	100.00	100.00	1842.00	0.00	1842	1842.00	1842.00	1842.00	1842	81.04	0.00	81.04	81.04	81.04	81.04	81.04
RXX-TRIM-chim_CS10-L-B19-Map2_reversed	1252	103	1	0	1	0	75.50	0.00	75.50	75.50	75.50	75.50	75.50	103.00	0.00	103	103.00	103.00	103.00	103	8.23	0.00	8.23	8.23	8.23	8.23	8.23
RXX-TRIM_CS10-L-B130-Map1	1675	83	1	0	1	0	78.20	0.00	78.20	78.20	78.20	78.20	78.20	83.00	0.00	83	83.00	83.00	83.00	83	4.96	0.00	4.96	4.96	4.96	4.96	4.96
RXX-TRIM_SN4-L-B97-Map1	1181	1203	4	0	4	0	80.30	2.07	78.20	79.30	80.00	83.00	83.00	300.75	401.26	75	107.00	113.00	902.00	902	25.47	33.98	6.35	9.06	9.57	76.38	76.38
RXX_SN4-B-G89-Map16	4511	38	1	0	1	0	86.80	0.00	86.80	86.80	86.80	86.80	86.80	38.00	0.00	38	38.00	38.00	38.00	38	0.84	0.00	0.84	0.84	0.84	0.84	0.84
RYX-incomp-chim_CS10-B-G13-Map12_reversed	13072	53	1	0	1	0	82.70	0.00	82.70	82.70	82.70	82.70	82.70	53.00	0.00	53	53.00	53.00	53.00	53	0.41	0.00	0.41	0.41	0.41	0.41	0.41
RYX-incomp-chim_CS10-B-G176-Map3_reversed	11731	558	9	0	9	0	86.52	8.94	70.50	79.30	88.20	93.30	96.30	62.00	71.69	27	30.00	34.00	43.00	247	0.53	0.61	0.23	0.26	0.29	0.37	2.11
RYX-incomp-chim_Ptr_1CBFP-B-G232-Map5_reversed	6760	34	1	0	1	0	93.90	0.00	93.90	93.90	93.90	93.90	93.90	34.00	0.00	34	34.00	34.00	34.00	34	0.50	0.00	0.50	0.50	0.50	0.50	0.50
RYX-incomp-chim_SN2000-B-G3-Map20	16895	722	2	0	1	0	92.50	0.00	92.50	92.50	92.50	92.50	92.50	722.00	0.00	722	722.00	722.00	722.00	722	4.27	0.00	4.27	4.27	4.27	4.27	4.27
RYX-incomp-chim_SN2000-L-B1-Map20_reversed	25423	7813	2	0	2	0	83.70	13.01	74.50	74.50	83.70	92.90	92.90	3906.50	2604.27	2065	2065.00	3906.50	5748.00	5748	15.37	10.24	8.12	8.12	15.37	22.61	22.61
RYX-incomp-chim_SN4-L-B1-Map5_reversed	13613	291	1	0	1	0	71.50	0.00	71.50	71.50	71.50	71.50	71.50	291.00	0.00	291	291.00	291.00	291.00	291	2.14	0.00	2.14	2.14	2.14	2.14	2.14
RYX-incomp-chim_SN4-L-B25-Map1	14796	22	1	0	1	0	70.10	0.00	70.10	70.10	70.10	70.10	70.10	22.00	0.00	22	22.00	22.00	22.00	22	0.15	0.00	0.15	0.15	0.15	0.15	0.15
RYX-incomp-chim_SN4-L-B44-Map1	10378	438	1	0	1	0	73.30	0.00	73.30	73.30	73.30	73.30	73.30	438.00	0.00	438	438.00	438.00	438.00	438	4.22	0.00	4.22	4.22	4.22	4.22	4.22
XXX-chim_CS10-L-B31-Map1_reversed	13679	68	2	0	2	0	81.05	2.90	79.00	79.00	81.05	83.10	83.10	34.00	16.97	22	22.00	34.00	46.00	46	0.25	0.12	0.16	0.16	0.25	0.34	0.34
XXX-chim_SN79_1087-L-B8-Map1_reversed	12902	34948	8	1	6	1	83.85	13.67	60.50	76.59	87.70	90.73	99.90	5825.33	5712.42	28	60.00	5403.50	11179.00	12878	45.15	44.28	0.22	0.47	41.88	86.65	99.81
