TE	length	covg	frags	fullLgthFrags	copies	fullLgthCopies	meanId	sdId	minId	q25Id	medId	q75Id	maxId	meanLgth	sdLgth	minLgth	q25Lgth	medLgth	q75Lgth	maxLgth	meanLgthPerc	sdLgthPerc	minLgthPerc	q25LgthPerc	medLgthPerc	q75LgthPerc	maxLgthPerc
BEL1-I_SM_1p:ClassI:LTR:Bel-Pao	1817	264	2	0	1	0	57.95	0.00	57.95	57.95	57.95	57.95	57.95	264.00	0.00	264	264.00	264.00	264.00	264	14.53	0.00	14.53	14.53	14.53	14.53	14.53
CFT1_2p:ClassI:LTR:Gypsy	969	372	2	0	2	0	36.70	5.71	32.67	32.67	36.70	40.74	40.74	186.00	224.86	27	27.00	186.00	345.00	345	19.20	23.21	2.79	2.79	19.20	35.60	35.60
Copia-101_SB-Ip:ClassI:LTR:Copia	827	21	1	0	1	0	32.11	0.00	32.11	32.11	32.11	32.11	32.11	21.00	0.00	21	21.00	21.00	21.00	21	2.54	0.00	2.54	2.54	2.54	2.54	2.54
Copia-10_ECa-I_2p:ClassI:LTR:Copia	506	90	1	0	1	0	29.98	0.00	29.98	29.98	29.98	29.98	29.98	90.00	0.00	90	90.00	90.00	90.00	90	17.79	0.00	17.79	17.79	17.79	17.79	17.79
Copia-113_AA-I_1p:ClassI:LTR:Copia	1349	27	1	0	1	0	26.09	0.00	26.09	26.09	26.09	26.09	26.09	27.00	0.00	27	27.00	27.00	27.00	27	2.00	0.00	2.00	2.00	2.00	2.00	2.00
Copia-118_AA-I_2p:ClassI:LTR:Copia	680	27	1	0	1	0	24.17	0.00	24.17	24.17	24.17	24.17	24.17	27.00	0.00	27	27.00	27.00	27.00	27	3.97	0.00	3.97	3.97	3.97	3.97	3.97
Copia-11_SB-I_1p:ClassI:LTR:Copia	1571	21	1	0	1	0	30.89	0.00	30.89	30.89	30.89	30.89	30.89	21.00	0.00	21	21.00	21.00	21.00	21	1.34	0.00	1.34	1.34	1.34	1.34	1.34
Copia-12_LU-I_1p:ClassI:LTR:Copia	1358	588	1	0	1	0	22.18	0.00	22.18	22.18	22.18	22.18	22.18	588.00	0.00	588	588.00	588.00	588.00	588	43.30	0.00	43.30	43.30	43.30	43.30	43.30
Copia-12_PSo-I_1p:ClassI:LTR:Copia	1420	81	1	0	1	0	29.63	0.00	29.63	29.63	29.63	29.63	29.63	81.00	0.00	81	81.00	81.00	81.00	81	5.70	0.00	5.70	5.70	5.70	5.70	5.70
Copia-12_SI-I_1p:ClassI:LTR:Copia	1396	24	1	0	1	0	28.13	0.00	28.13	28.13	28.13	28.13	28.13	24.00	0.00	24	24.00	24.00	24.00	24	1.72	0.00	1.72	1.72	1.72	1.72	1.72
Copia-14_AA-I_1p:ClassI:LTR:Copia	1361	1131	3	0	3	0	33.03	6.56	26.98	26.98	32.10	40.00	40.00	377.00	348.11	24	24.00	387.00	720.00	720	27.70	25.58	1.76	1.76	28.43	52.90	52.90
Copia-16_SB-I_1p:ClassI:LTR:Copia	1636	21	1	0	1	0	31.56	0.00	31.56	31.56	31.56	31.56	31.56	21.00	0.00	21	21.00	21.00	21.00	21	1.28	0.00	1.28	1.28	1.28	1.28	1.28
Copia-17_PTa-I_2p:ClassI:LTR:Copia	886	27	1	0	1	0	25.62	0.00	25.62	25.62	25.62	25.62	25.62	27.00	0.00	27	27.00	27.00	27.00	27	3.05	0.00	3.05	3.05	3.05	3.05	3.05
Copia-18_ALY-I_1p:ClassI:LTR:Copia	1486	45	1	0	1	0	23.80	0.00	23.80	23.80	23.80	23.80	23.80	45.00	0.00	45	45.00	45.00	45.00	45	3.03	0.00	3.03	3.03	3.03	3.03	3.03
Copia-19_DPu-I_1p:ClassI:LTR:Copia	1306	144	1	0	1	0	29.80	0.00	29.80	29.80	29.80	29.80	29.80	144.00	0.00	144	144.00	144.00	144.00	144	11.03	0.00	11.03	11.03	11.03	11.03	11.03
Copia-19_PAb-I_1p:ClassI:LTR:Copia	1294	78	1	0	1	0	40.74	0.00	40.74	40.74	40.74	40.74	40.74	78.00	0.00	78	78.00	78.00	78.00	78	6.03	0.00	6.03	6.03	6.03	6.03	6.03
Copia-19_SB-I_1p:ClassI:LTR:Copia	1566	21	1	0	1	0	33.61	0.00	33.61	33.61	33.61	33.61	33.61	21.00	0.00	21	21.00	21.00	21.00	21	1.34	0.00	1.34	1.34	1.34	1.34	1.34
Copia-1_BG-I_1p:ClassI:LTR:Copia	1687	78	1	0	1	0	36.30	0.00	36.30	36.30	36.30	36.30	36.30	78.00	0.00	78	78.00	78.00	78.00	78	4.62	0.00	4.62	4.62	4.62	4.62	4.62
Copia-1_CMe-I_1p:ClassI:LTR:Copia	582	1347	4	0	1	0	68.57	0.00	68.57	68.57	68.57	68.57	68.57	1362.00	0.00	1362	1362.00	1362.00	1362.00	1362	234.02	0.00	234.02	234.02	234.02	234.02	234.02
Copia-1_MPA-I_1p:ClassI:LTR:Copia	614	96	1	0	1	0	31.98	0.00	31.98	31.98	31.98	31.98	31.98	96.00	0.00	96	96.00	96.00	96.00	96	15.64	0.00	15.64	15.64	15.64	15.64	15.64
Copia-1_VA-I_1p:ClassI:LTR:Copia	608	2166	2	0	2	0	37.31	0.95	36.64	36.64	37.31	37.98	37.98	1083.00	436.99	774	774.00	1083.00	1392.00	1392	178.12	71.87	127.30	127.30	178.12	228.95	228.95
Copia-1_VA-I_2p:ClassI:LTR:Copia	896	351	1	0	1	0	47.01	0.00	47.01	47.01	47.01	47.01	47.01	351.00	0.00	351	351.00	351.00	351.00	351	39.17	0.00	39.17	39.17	39.17	39.17	39.17
Copia-20_BD-I_1p:ClassI:LTR:Copia	1206	21	1	0	1	0	33.61	0.00	33.61	33.61	33.61	33.61	33.61	21.00	0.00	21	21.00	21.00	21.00	21	1.74	0.00	1.74	1.74	1.74	1.74	1.74
Copia-21_LU-I_1p:ClassI:LTR:Copia	1120	27	1	0	1	0	22.99	0.00	22.99	22.99	22.99	22.99	22.99	27.00	0.00	27	27.00	27.00	27.00	27	2.41	0.00	2.41	2.41	2.41	2.41	2.41
Copia-22_ATr-I_1p:ClassI:LTR:Copia	1476	69	1	0	1	0	29.70	0.00	29.70	29.70	29.70	29.70	29.70	69.00	0.00	69	69.00	69.00	69.00	69	4.67	0.00	4.67	4.67	4.67	4.67	4.67
Copia-25_BG-I_1p:ClassI:LTR:Copia	1627	5415	5	0	2	0	35.28	0.11	35.21	35.21	35.28	35.36	35.36	2707.50	294.86	2499	2499.00	2707.50	2916.00	2916	166.41	18.12	153.60	153.60	166.41	179.23	179.23
Copia-25_GM-I_2p:ClassI:LTR:Copia	591	252	2	0	1	0	39.02	0.00	39.02	39.02	39.02	39.02	39.02	252.00	0.00	252	252.00	252.00	252.00	252	42.64	0.00	42.64	42.64	42.64	42.64	42.64
Copia-25_JC-I_1p:ClassI:LTR:Copia	1319	27	1	0	1	0	28.79	0.00	28.79	28.79	28.79	28.79	28.79	27.00	0.00	27	27.00	27.00	27.00	27	2.05	0.00	2.05	2.05	2.05	2.05	2.05
Copia-26_ECa-I_1p:ClassI:LTR:Copia	1340	414	1	0	1	0	35.51	0.00	35.51	35.51	35.51	35.51	35.51	414.00	0.00	414	414.00	414.00	414.00	414	30.90	0.00	30.90	30.90	30.90	30.90	30.90
Copia-2_DEl-I_1p:ClassI:LTR:Copia	1474	75	1	0	1	0	27.34	0.00	27.34	27.34	27.34	27.34	27.34	75.00	0.00	75	75.00	75.00	75.00	75	5.09	0.00	5.09	5.09	5.09	5.09	5.09
Copia-30_DPu-I_1p:ClassI:LTR:Copia	1360	21	1	0	1	0	32.93	0.00	32.93	32.93	32.93	32.93	32.93	21.00	0.00	21	21.00	21.00	21.00	21	1.54	0.00	1.54	1.54	1.54	1.54	1.54
Copia-31_BG-I_1p:ClassI:LTR:Copia	1672	4212	1	0	1	0	34.22	0.00	34.22	34.22	34.22	34.22	34.22	4212.00	0.00	4212	4212.00	4212.00	4212.00	4212	251.91	0.00	251.91	251.91	251.91	251.91	251.91
Copia-31_LU-I_1p:ClassI:LTR:Copia	1063	24	1	0	1	0	25.16	0.00	25.16	25.16	25.16	25.16	25.16	24.00	0.00	24	24.00	24.00	24.00	24	2.26	0.00	2.26	2.26	2.26	2.26	2.26
Copia-31_SB-I_1p:ClassI:LTR:Copia	1471	21	1	0	1	0	33.06	0.00	33.06	33.06	33.06	33.06	33.06	21.00	0.00	21	21.00	21.00	21.00	21	1.43	0.00	1.43	1.43	1.43	1.43	1.43
Copia-33_GM-I_1p:ClassI:LTR:Copia	804	903	3	0	3	0	55.79	9.95	47.17	47.17	53.52	66.67	66.67	301.00	132.56	162	162.00	315.00	426.00	426	37.44	16.49	20.15	20.15	39.18	52.99	52.99
Copia-33_SB-I_1p:ClassI:LTR:Copia	1561	21	1	0	1	0	32.79	0.00	32.79	32.79	32.79	32.79	32.79	21.00	0.00	21	21.00	21.00	21.00	21	1.35	0.00	1.35	1.35	1.35	1.35	1.35
Copia-37_BG-I_1p:ClassI:LTR:Copia	1667	78	1	0	1	0	34.13	0.00	34.13	34.13	34.13	34.13	34.13	78.00	0.00	78	78.00	78.00	78.00	78	4.68	0.00	4.68	4.68	4.68	4.68	4.68
Copia-3_FV-I_1p:ClassI:LTR:Copia	867	27	1	0	1	0	25.47	0.00	25.47	25.47	25.47	25.47	25.47	27.00	0.00	27	27.00	27.00	27.00	27	3.11	0.00	3.11	3.11	3.11	3.11	3.11
Copia-3_LH-I_1p:ClassI:LTR:Copia	806	24	1	0	1	0	25.54	0.00	25.54	25.54	25.54	25.54	25.54	24.00	0.00	24	24.00	24.00	24.00	24	2.98	0.00	2.98	2.98	2.98	2.98	2.98
Copia-40_BD-I_1p:ClassI:LTR:Copia	1145	21	1	0	1	0	33.20	0.00	33.20	33.20	33.20	33.20	33.20	21.00	0.00	21	21.00	21.00	21.00	21	1.83	0.00	1.83	1.83	1.83	1.83	1.83
Copia-43_ECa-I_1p:ClassI:LTR:Copia	499	21	1	0	1	0	32.52	0.00	32.52	32.52	32.52	32.52	32.52	21.00	0.00	21	21.00	21.00	21.00	21	4.21	0.00	4.21	4.21	4.21	4.21	4.21
Copia-45_BG-I_1p:ClassI:LTR:Copia	1003	870	1	0	1	0	26.12	0.00	26.12	26.12	26.12	26.12	26.12	870.00	0.00	870	870.00	870.00	870.00	870	86.74	0.00	86.74	86.74	86.74	86.74	86.74
Copia-54_BG-I_1p:ClassI:LTR:Copia	1707	78	1	0	1	0	37.15	0.00	37.15	37.15	37.15	37.15	37.15	78.00	0.00	78	78.00	78.00	78.00	78	4.57	0.00	4.57	4.57	4.57	4.57	4.57
Copia-55_BG-I_1p:ClassI:LTR:Copia	1647	234	3	0	3	0	36.58	2.35	34.53	34.53	36.06	39.15	39.15	78.00	0.00	78	78.00	78.00	78.00	78	4.74	0.00	4.74	4.74	4.74	4.74	4.74
Copia-58_VV-I_1p:ClassI:LTR:Copia	1328	21	1	0	1	0	24.50	0.00	24.50	24.50	24.50	24.50	24.50	21.00	0.00	21	21.00	21.00	21.00	21	1.58	0.00	1.58	1.58	1.58	1.58	1.58
Copia-59_AA-I_1p:ClassI:LTR:Copia	1308	60	1	0	1	0	34.91	0.00	34.91	34.91	34.91	34.91	34.91	60.00	0.00	60	60.00	60.00	60.00	60	4.59	0.00	4.59	4.59	4.59	4.59	4.59
Copia-59_SB-I_1p:ClassI:LTR:Copia	1125	21	1	0	1	0	32.65	0.00	32.65	32.65	32.65	32.65	32.65	21.00	0.00	21	21.00	21.00	21.00	21	1.87	0.00	1.87	1.87	1.87	1.87	1.87
Copia-5_PD-I_1p:ClassI:LTR:Copia	526	711	1	0	1	0	32.91	0.00	32.91	32.91	32.91	32.91	32.91	711.00	0.00	711	711.00	711.00	711.00	711	135.17	0.00	135.17	135.17	135.17	135.17	135.17
Copia-5_SI-I_1p:ClassI:LTR:Copia	541	1629	1	0	1	0	32.97	0.00	32.97	32.97	32.97	32.97	32.97	1629.00	0.00	1629	1629.00	1629.00	1629.00	1629	301.11	0.00	301.11	301.11	301.11	301.11	301.11
Copia-61_BG-I_1p:ClassI:LTR:Copia	1625	111	2	0	2	0	36.18	1.80	34.91	34.91	36.18	37.45	37.45	55.50	31.82	33	33.00	55.50	78.00	78	3.42	1.96	2.03	2.03	3.42	4.80	4.80
Copia-67_GM-I_2p:ClassI:LTR:Copia	301	114	1	0	1	0	27.95	0.00	27.95	27.95	27.95	27.95	27.95	114.00	0.00	114	114.00	114.00	114.00	114	37.87	0.00	37.87	37.87	37.87	37.87	37.87
Copia-68_BG-I_1p:ClassI:LTR:Copia	1616	470	2	0	1	0	53.13	0.00	53.13	53.13	53.13	53.13	53.13	480.00	0.00	480	480.00	480.00	480.00	480	29.70	0.00	29.70	29.70	29.70	29.70	29.70
Copia-68_Mad-I_1p:ClassI:LTR:Copia	1370	24	1	0	1	0	24.45	0.00	24.45	24.45	24.45	24.45	24.45	24.00	0.00	24	24.00	24.00	24.00	24	1.75	0.00	1.75	1.75	1.75	1.75	1.75
Copia-68_VV-I_1p:ClassI:LTR:Copia	1355	21	1	0	1	0	32.11	0.00	32.11	32.11	32.11	32.11	32.11	21.00	0.00	21	21.00	21.00	21.00	21	1.55	0.00	1.55	1.55	1.55	1.55	1.55
Copia-70_AA-I_1p:ClassI:LTR:Copia	1325	672	1	0	1	0	23.53	0.00	23.53	23.53	23.53	23.53	23.53	672.00	0.00	672	672.00	672.00	672.00	672	50.72	0.00	50.72	50.72	50.72	50.72	50.72
Copia-8_BG-I_1p:ClassI:LTR:Copia	1412	213	1	0	1	0	29.22	0.00	29.22	29.22	29.22	29.22	29.22	213.00	0.00	213	213.00	213.00	213.00	213	15.08	0.00	15.08	15.08	15.08	15.08	15.08
Copia-8_DWil-I_1p:ClassI:LTR:Copia	1290	24	1	0	1	0	25.00	0.00	25.00	25.00	25.00	25.00	25.00	24.00	0.00	24	24.00	24.00	24.00	24	1.86	0.00	1.86	1.86	1.86	1.86	1.86
Copia-95_AA-I_1p:ClassI:LTR:Copia	506	1986	2	0	2	0	31.35	1.12	30.56	30.56	31.35	32.14	32.14	993.00	4.24	990	990.00	993.00	996.00	996	196.25	0.84	195.65	195.65	196.25	196.84	196.84
Copia-9_LH-I_1p:ClassI:LTR:Copia	968	630	1	0	1	0	27.91	0.00	27.91	27.91	27.91	27.91	27.91	630.00	0.00	630	630.00	630.00	630.00	630	65.08	0.00	65.08	65.08	65.08	65.08	65.08
Copia3-NVi_I_1p:ClassI:LTR:Copia	1305	63	1	0	1	0	37.59	0.00	37.59	37.59	37.59	37.59	37.59	63.00	0.00	63	63.00	63.00	63.00	63	4.83	0.00	4.83	4.83	4.83	4.83	4.83
Copia4-ZM_I_1p:ClassI:LTR:Copia	1576	21	1	0	1	0	31.15	0.00	31.15	31.15	31.15	31.15	31.15	21.00	0.00	21	21.00	21.00	21.00	21	1.33	0.00	1.33	1.33	1.33	1.33	1.33
Copia5-PTR_I_1p#2:ClassI:LTR:Copia	1250	141	1	0	1	0	40.43	0.00	40.43	40.43	40.43	40.43	40.43	141.00	0.00	141	141.00	141.00	141.00	141	11.28	0.00	11.28	11.28	11.28	11.28	11.28
COPIA5_AGp:ClassI:LTR:Copia	1312	27	1	0	1	0	27.67	0.00	27.67	27.67	27.67	27.67	27.67	27.00	0.00	27	27.00	27.00	27.00	27	2.06	0.00	2.06	2.06	2.06	2.06	2.06
CRE-15_CCri_2p:ClassI:LINE:R2	296	1365	3	0	2	0	36.16	3.05	34.01	34.01	36.16	38.32	38.32	682.50	256.68	501	501.00	682.50	864.00	864	230.57	86.72	169.26	169.26	230.57	291.89	291.89
CryptonC-5_CCri_1p:ClassII:Crypton:Crypton	635	648	1	1	1	1	27.19	0.00	27.19	27.19	27.19	27.19	27.19	648.00	0.00	648	648.00	648.00	648.00	648	102.05	0.00	102.05	102.05	102.05	102.05	102.05
DNA-17_CCri_2p:ClassII:?:?	3318	201	1	0	1	0	48.57	0.00	48.57	48.57	48.57	48.57	48.57	201.00	0.00	201	201.00	201.00	201.00	201	6.06	0.00	6.06	6.06	6.06	6.06	6.06
DNA-18_CCri_3p:ClassII:?:?	1866	81	1	0	1	0	22.90	0.00	22.90	22.90	22.90	22.90	22.90	81.00	0.00	81	81.00	81.00	81.00	81	4.34	0.00	4.34	4.34	4.34	4.34	4.34
DNA-21_CCri_1p:ClassII:?:?	1383	3021	3	0	3	0	27.05	1.62	26.09	26.09	26.15	28.92	28.92	1007.00	178.60	870	870.00	942.00	1209.00	1209	72.81	12.91	62.91	62.91	68.11	87.42	87.42
EnSpm-12_CCri_2p:ClassII:TIR:CACTA	672	345	1	0	1	0	34.19	0.00	34.19	34.19	34.19	34.19	34.19	345.00	0.00	345	345.00	345.00	345.00	345	51.34	0.00	51.34	51.34	51.34	51.34	51.34
EnSpm-13_CCri_2p:ClassII:TIR:CACTA	621	1539	4	0	3	1	38.39	3.75	34.30	34.30	39.21	41.67	41.67	513.00	84.16	432	432.00	507.00	600.00	600	82.61	13.55	69.57	69.57	81.64	96.62	96.62
EnSpm-17_CCri_1p:ClassII:TIR:CACTA	1205	1113	1	0	1	0	28.91	0.00	28.91	28.91	28.91	28.91	28.91	1113.00	0.00	1113	1113.00	1113.00	1113.00	1113	92.37	0.00	92.37	92.37	92.37	92.37	92.37
EnSpm-20_CCri_1p:ClassII:TIR:CACTA	736	1278	3	0	3	0	41.24	5.44	37.24	37.24	39.04	47.44	47.44	426.00	13.08	411	411.00	432.00	435.00	435	57.88	1.78	55.84	55.84	58.70	59.10	59.10
EnSpm-22_CCri_2p:ClassII:TIR:CACTA	1115	8764	8	0	4	0	31.98	6.21	24.47	29.77	32.38	38.72	38.72	2192.25	475.87	1485	2337.00	2404.50	2475.00	2475	196.61	42.68	133.18	209.60	215.65	221.97	221.97
EnSpm-29_CCri_1p:ClassII:TIR:CACTA	842	474	2	0	1	0	59.89	0.00	59.89	59.89	59.89	59.89	59.89	474.00	0.00	474	474.00	474.00	474.00	474	56.29	0.00	56.29	56.29	56.29	56.29	56.29
EnSpm-2B_CCri_5p:ClassII:TIR:CACTA	294	474	2	0	1	0	35.04	0.00	35.04	35.04	35.04	35.04	35.04	474.00	0.00	474	474.00	474.00	474.00	474	161.22	0.00	161.22	161.22	161.22	161.22	161.22
EnSpm-2_PGr_1p:ClassII:TIR:CACTA	500	8493	18	3	18	3	32.21	5.14	26.05	29.67	30.88	32.62	46.30	471.83	100.12	321	381.00	483.00	561.00	624	94.37	20.02	64.20	76.20	96.60	112.20	124.80
EnSpm-3_PGr_1p:ClassII:TIR:CACTA	300	4056	7	0	7	0	27.98	3.61	23.05	25.16	28.27	30.86	33.52	579.43	188.75	459	483.00	531.00	540.00	1002	193.14	62.92	153.00	161.00	177.00	180.00	334.00
EnSpm-5_CCri_4p:ClassII:TIR:CACTA	298	651	1	0	1	0	39.91	0.00	39.91	39.91	39.91	39.91	39.91	651.00	0.00	651	651.00	651.00	651.00	651	218.46	0.00	218.46	218.46	218.46	218.46	218.46
EnSpm-7_CCri_5p:ClassII:TIR:CACTA	348	1179	2	0	2	0	40.95	18.12	28.14	28.14	40.95	53.77	53.77	589.50	10.61	582	582.00	589.50	597.00	597	169.40	3.05	167.24	167.24	169.40	171.55	171.55
Gypsy-1-I_ACa_2p:ClassI:LTR:Gypsy	1242	2910	5	0	5	0	31.77	3.15	26.37	32.03	32.54	33.55	34.35	582.00	330.12	303	393.00	456.00	624.00	1134	46.86	26.58	24.40	31.64	36.71	50.24	91.30
Gypsy-10_PPa-I_1p:ClassI:LTR:Gypsy	1533	1401	2	0	2	0	31.84	6.83	27.01	27.01	31.84	36.67	36.67	700.50	154.86	591	591.00	700.50	810.00	810	45.69	10.10	38.55	38.55	45.69	52.84	52.84
Gypsy-11_BG-I_2p:ClassI:LTR:Gypsy	1222	33	1	0	1	0	37.72	0.00	37.72	37.72	37.72	37.72	37.72	33.00	0.00	33	33.00	33.00	33.00	33	2.70	0.00	2.70	2.70	2.70	2.70	2.70
Gypsy-12_XT-I_3p:ClassI:LTR:Gypsy	510	603	1	0	1	0	27.68	0.00	27.68	27.68	27.68	27.68	27.68	603.00	0.00	603	603.00	603.00	603.00	603	118.24	0.00	118.24	118.24	118.24	118.24	118.24
Gypsy-15_SB-I_1p:ClassI:LTR:Gypsy	1629	123	1	0	1	0	24.87	0.00	24.87	24.87	24.87	24.87	24.87	123.00	0.00	123	123.00	123.00	123.00	123	7.55	0.00	7.55	7.55	7.55	7.55	7.55
Gypsy-168-I_DR_2p:ClassI:LTR:Gypsy	1097	459	1	0	1	0	26.38	0.00	26.38	26.38	26.38	26.38	26.38	459.00	0.00	459	459.00	459.00	459.00	459	41.84	0.00	41.84	41.84	41.84	41.84	41.84
Gypsy-177_ZM-I_1p:ClassI:LTR:Gypsy	578	171	1	0	1	0	57.90	0.00	57.90	57.90	57.90	57.90	57.90	171.00	0.00	171	171.00	171.00	171.00	171	29.58	0.00	29.58	29.58	29.58	29.58	29.58
Gypsy-185_ZM-I_1p:ClassI:LTR:Gypsy	655	405	1	0	1	0	40.00	0.00	40.00	40.00	40.00	40.00	40.00	405.00	0.00	405	405.00	405.00	405.00	405	61.83	0.00	61.83	61.83	61.83	61.83	61.83
Gypsy-196_DR-I_1p:ClassI:LTR:Gypsy	1356	90	1	0	1	0	26.67	0.00	26.67	26.67	26.67	26.67	26.67	90.00	0.00	90	90.00	90.00	90.00	90	6.64	0.00	6.64	6.64	6.64	6.64	6.64
Gypsy-19_Ano-I_1p:ClassI:LTR:Gypsy	1608	24	1	0	1	0	29.12	0.00	29.12	29.12	29.12	29.12	29.12	24.00	0.00	24	24.00	24.00	24.00	24	1.49	0.00	1.49	1.49	1.49	1.49	1.49
Gypsy-1_Ano-I_1p:ClassI:LTR:Gypsy	1538	24	1	0	1	0	26.87	0.00	26.87	26.87	26.87	26.87	26.87	24.00	0.00	24	24.00	24.00	24.00	24	1.56	0.00	1.56	1.56	1.56	1.56	1.56
Gypsy-1_BFB-I_3p:ClassI:LTR:Gypsy	1149	7152	7	0	5	0	29.93	1.59	28.27	28.38	30.50	30.51	31.99	1430.40	140.99	1260	1356.00	1383.00	1575.00	1578	124.49	12.27	109.66	118.02	120.37	137.08	137.34
Gypsy-1_BG-I_2p:ClassI:LTR:Gypsy	1229	60	1	0	1	0	31.76	0.00	31.76	31.76	31.76	31.76	31.76	60.00	0.00	60	60.00	60.00	60.00	60	4.88	0.00	4.88	4.88	4.88	4.88	4.88
Gypsy-1_CH_1p:ClassI:LTR:Gypsy	645	16690	23	0	20	0	38.56	3.27	33.23	35.46	38.61	40.90	44.85	835.35	153.84	495	768.00	933.00	933.00	939	129.51	23.85	76.74	119.07	144.65	144.65	145.58
Gypsy-1_CH_2p:ClassI:LTR:Gypsy	1221	47889	53	1	31	2	44.69	5.90	26.95	42.51	45.04	47.88	58.82	1545.35	1019.15	24	684.00	1188.00	2505.00	3303	126.56	83.47	1.97	56.02	97.30	205.16	270.52
Gypsy-1_CMe-I_2p:ClassI:LTR:Gypsy	500	1356	1	0	1	0	51.40	0.00	51.40	51.40	51.40	51.40	51.40	1356.00	0.00	1356	1356.00	1356.00	1356.00	1356	271.20	0.00	271.20	271.20	271.20	271.20	271.20
Gypsy-1_Cop-I_2p:ClassI:LTR:Gypsy	879	51	1	0	1	0	32.70	0.00	32.70	32.70	32.70	32.70	32.70	51.00	0.00	51	51.00	51.00	51.00	51	5.80	0.00	5.80	5.80	5.80	5.80	5.80
Gypsy-1_CPu-I_2p:ClassI:LTR:Gypsy	711	78	1	0	1	0	42.25	0.00	42.25	42.25	42.25	42.25	42.25	78.00	0.00	78	78.00	78.00	78.00	78	10.97	0.00	10.97	10.97	10.97	10.97	10.97
Gypsy-1_GDe-I_2p:ClassI:LTR:Gypsy	907	3591	6	1	6	1	31.26	2.07	27.92	29.91	31.80	33.04	33.10	598.50	291.55	42	642.00	660.00	672.00	915	65.99	32.14	4.63	70.78	72.77	74.09	100.88
Gypsy-1_JC-I_1p:ClassI:LTR:Gypsy	920	78	1	0	1	0	42.04	0.00	42.04	42.04	42.04	42.04	42.04	78.00	0.00	78	78.00	78.00	78.00	78	8.48	0.00	8.48	8.48	8.48	8.48	8.48
Gypsy-1_TMe-I_1p:ClassI:LTR:Gypsy	475	246	1	0	1	0	59.76	0.00	59.76	59.76	59.76	59.76	59.76	246.00	0.00	246	246.00	246.00	246.00	246	51.79	0.00	51.79	51.79	51.79	51.79	51.79
Gypsy-1_Trm-I_2p:ClassI:LTR:Gypsy	1007	2805	1	0	1	0	30.19	0.00	30.19	30.19	30.19	30.19	30.19	2805.00	0.00	2805	2805.00	2805.00	2805.00	2805	278.55	0.00	278.55	278.55	278.55	278.55	278.55
Gypsy-21_Ano-I_1p:ClassI:LTR:Gypsy	1410	58	1	0	1	0	33.33	0.00	33.33	33.33	33.33	33.33	33.33	58.00	0.00	58	58.00	58.00	58.00	58	4.11	0.00	4.11	4.11	4.11	4.11	4.11
Gypsy-21_BG-I_2p:ClassI:LTR:Gypsy	1284	1464	1	0	1	0	29.12	0.00	29.12	29.12	29.12	29.12	29.12	1464.00	0.00	1464	1464.00	1464.00	1464.00	1464	114.02	0.00	114.02	114.02	114.02	114.02	114.02
Gypsy-24_BG-I_1p:ClassI:LTR:Gypsy	939	783	1	0	1	0	29.12	0.00	29.12	29.12	29.12	29.12	29.12	783.00	0.00	783	783.00	783.00	783.00	783	83.39	0.00	83.39	83.39	83.39	83.39	83.39
Gypsy-26_XT-I_1p:ClassI:LTR:Gypsy	1434	57	1	0	1	0	41.24	0.00	41.24	41.24	41.24	41.24	41.24	57.00	0.00	57	57.00	57.00	57.00	57	3.97	0.00	3.97	3.97	3.97	3.97	3.97
Gypsy-2_Trm-I_1p:ClassI:LTR:Gypsy	1236	132	2	0	2	0	38.38	8.80	32.16	32.16	38.38	44.60	44.60	66.00	16.97	54	54.00	66.00	78.00	78	5.34	1.37	4.37	4.37	5.34	6.31	6.31
Gypsy-31_SSa-I_1p:ClassI:LTR:Gypsy	1457	435	2	0	2	0	26.82	0.34	26.58	26.58	26.82	27.06	27.06	217.50	239.71	48	48.00	217.50	387.00	387	14.93	16.45	3.29	3.29	14.93	26.56	26.56
Gypsy-33_BG-I_1p:ClassI:LTR:Gypsy	1259	195	1	0	1	0	33.11	0.00	33.11	33.11	33.11	33.11	33.11	195.00	0.00	195	195.00	195.00	195.00	195	15.49	0.00	15.49	15.49	15.49	15.49	15.49
Gypsy-34_BG-I_2p:ClassI:LTR:Gypsy	1242	4158	3	1	3	1	34.40	9.39	27.11	27.11	31.10	45.00	45.00	1386.00	1456.72	33	33.00	1197.00	2928.00	2928	111.59	117.29	2.66	2.66	96.38	235.75	235.75
Gypsy-37_BG-I_2p:ClassI:LTR:Gypsy	1195	126	1	0	1	0	36.63	0.00	36.63	36.63	36.63	36.63	36.63	126.00	0.00	126	126.00	126.00	126.00	126	10.54	0.00	10.54	10.54	10.54	10.54	10.54
Gypsy-38_BG-I_3p:ClassI:LTR:Gypsy	571	654	2	0	2	0	38.20	13.55	28.62	28.62	38.20	47.78	47.78	327.00	398.81	45	45.00	327.00	609.00	609	57.27	69.84	7.88	7.88	57.27	106.65	106.65
Gypsy-3_AM-I_1p:ClassI:LTR:Gypsy	1424	75	1	0	1	0	25.94	0.00	25.94	25.94	25.94	25.94	25.94	75.00	0.00	75	75.00	75.00	75.00	75	5.27	0.00	5.27	5.27	5.27	5.27	5.27
Gypsy-3_CH_2p:ClassI:LTR:Gypsy	1496	45	1	0	1	0	31.19	0.00	31.19	31.19	31.19	31.19	31.19	45.00	0.00	45	45.00	45.00	45.00	45	3.01	0.00	3.01	3.01	3.01	3.01	3.01
Gypsy-3_ES-I_5p:ClassI:LTR:Gypsy	744	351	1	0	1	0	35.04	0.00	35.04	35.04	35.04	35.04	35.04	351.00	0.00	351	351.00	351.00	351.00	351	47.18	0.00	47.18	47.18	47.18	47.18	47.18
Gypsy-3_SCH-I_2p:ClassI:LTR:Gypsy	2405	567	1	0	1	0	27.75	0.00	27.75	27.75	27.75	27.75	27.75	567.00	0.00	567	567.00	567.00	567.00	567	23.58	0.00	23.58	23.58	23.58	23.58	23.58
Gypsy-40_BG-I_2p:ClassI:LTR:Gypsy	1239	93	1	0	1	0	38.44	0.00	38.44	38.44	38.44	38.44	38.44	93.00	0.00	93	93.00	93.00	93.00	93	7.51	0.00	7.51	7.51	7.51	7.51	7.51
Gypsy-46_BG-I_1p:ClassI:LTR:Gypsy	1130	2031	2	1	2	1	38.56	2.43	36.84	36.84	38.56	40.27	40.27	1015.50	171.83	894	894.00	1015.50	1137.00	1137	89.87	15.21	79.12	79.12	89.87	100.62	100.62
Gypsy-4_PPM-I_1p:ClassI:LTR:Gypsy	1496	162	2	0	1	0	35.41	0.00	35.41	35.41	35.41	35.41	35.41	162.00	0.00	162	162.00	162.00	162.00	162	10.83	0.00	10.83	10.83	10.83	10.83	10.83
Gypsy-4_PSt-I_1p:ClassI:LTR:Gypsy	639	69	1	0	1	0	25.00	0.00	25.00	25.00	25.00	25.00	25.00	69.00	0.00	69	69.00	69.00	69.00	69	10.80	0.00	10.80	10.80	10.80	10.80	10.80
Gypsy-4_Trm-I_1p:ClassI:LTR:Gypsy	1554	1167	1	0	1	0	33.76	0.00	33.76	33.76	33.76	33.76	33.76	1167.00	0.00	1167	1167.00	1167.00	1167.00	1167	75.10	0.00	75.10	75.10	75.10	75.10	75.10
Gypsy-57_BG-I_2p:ClassI:LTR:Gypsy	1249	309	1	0	1	0	39.81	0.00	39.81	39.81	39.81	39.81	39.81	309.00	0.00	309	309.00	309.00	309.00	309	24.74	0.00	24.74	24.74	24.74	24.74	24.74
Gypsy-59_BG-I_1p:ClassI:LTR:Gypsy	1732	318	1	0	1	0	39.62	0.00	39.62	39.62	39.62	39.62	39.62	318.00	0.00	318	318.00	318.00	318.00	318	18.36	0.00	18.36	18.36	18.36	18.36	18.36
Gypsy-5_CH_2p:ClassI:LTR:Gypsy	1462	45	1	0	1	0	29.45	0.00	29.45	29.45	29.45	29.45	29.45	45.00	0.00	45	45.00	45.00	45.00	45	3.08	0.00	3.08	3.08	3.08	3.08	3.08
Gypsy-5_SMo-I_1p:ClassI:LTR:Gypsy	1187	1374	2	0	2	0	37.33	5.21	33.64	33.64	37.33	41.01	41.01	687.00	861.26	78	78.00	687.00	1296.00	1296	57.88	72.56	6.57	6.57	57.88	109.18	109.18
Gypsy-5_TMe-I_1p:ClassI:LTR:Gypsy	992	105	2	0	2	0	30.47	2.88	28.43	28.43	30.47	32.51	32.51	52.50	2.12	51	51.00	52.50	54.00	54	5.29	0.21	5.14	5.14	5.29	5.44	5.44
Gypsy-5_Trm-I_1p:ClassI:LTR:Gypsy	1776	42	1	0	1	0	38.79	0.00	38.79	38.79	38.79	38.79	38.79	42.00	0.00	42	42.00	42.00	42.00	42	2.36	0.00	2.36	2.36	2.36	2.36	2.36
Gypsy-61_BG-I_2p:ClassI:LTR:Gypsy	1255	441	1	0	1	0	38.26	0.00	38.26	38.26	38.26	38.26	38.26	441.00	0.00	441	441.00	441.00	441.00	441	35.14	0.00	35.14	35.14	35.14	35.14	35.14
Gypsy-6_BG-I_1p:ClassI:LTR:Gypsy	1245	33	1	0	1	0	37.37	0.00	37.37	37.37	37.37	37.37	37.37	33.00	0.00	33	33.00	33.00	33.00	33	2.65	0.00	2.65	2.65	2.65	2.65	2.65
Gypsy-6_CH_2p:ClassI:LTR:Gypsy	1462	45	1	0	1	0	30.81	0.00	30.81	30.81	30.81	30.81	30.81	45.00	0.00	45	45.00	45.00	45.00	45	3.08	0.00	3.08	3.08	3.08	3.08	3.08
Gypsy-6_CPu-I_2p:ClassI:LTR:Gypsy	1298	78	1	0	1	0	40.09	0.00	40.09	40.09	40.09	40.09	40.09	78.00	0.00	78	78.00	78.00	78.00	78	6.01	0.00	6.01	6.01	6.01	6.01	6.01
Gypsy-6_Trm-I_1p:ClassI:LTR:Gypsy	931	72	1	0	1	0	46.67	0.00	46.67	46.67	46.67	46.67	46.67	72.00	0.00	72	72.00	72.00	72.00	72	7.73	0.00	7.73	7.73	7.73	7.73	7.73
Gypsy-74_BG-I_2p:ClassI:LTR:Gypsy	1244	519	2	0	2	0	41.19	1.11	40.40	40.40	41.19	41.97	41.97	259.50	320.32	33	33.00	259.50	486.00	486	20.86	25.75	2.65	2.65	20.86	39.07	39.07
Gypsy-7_Ano-I_1p:ClassI:LTR:Gypsy	855	420	1	0	1	0	25.69	0.00	25.69	25.69	25.69	25.69	25.69	420.00	0.00	420	420.00	420.00	420.00	420	49.12	0.00	49.12	49.12	49.12	49.12	49.12
Gypsy-7_LBS-I_1p:ClassI:LTR:Gypsy	1126	162	1	0	1	0	26.12	0.00	26.12	26.12	26.12	26.12	26.12	162.00	0.00	162	162.00	162.00	162.00	162	14.39	0.00	14.39	14.39	14.39	14.39	14.39
Gypsy-7_SCH-I_2p:ClassI:LTR:Gypsy	1206	111	1	0	1	0	33.17	0.00	33.17	33.17	33.17	33.17	33.17	111.00	0.00	111	111.00	111.00	111.00	111	9.20	0.00	9.20	9.20	9.20	9.20	9.20
Gypsy-8-I_XT_1p:ClassI:LTR:Gypsy	1496	45	1	0	1	0	24.77	0.00	24.77	24.77	24.77	24.77	24.77	45.00	0.00	45	45.00	45.00	45.00	45	3.01	0.00	3.01	3.01	3.01	3.01	3.01
Gypsy-8_JC-I_1p:ClassI:LTR:Gypsy	621	33	1	0	1	0	39.29	0.00	39.29	39.29	39.29	39.29	39.29	33.00	0.00	33	33.00	33.00	33.00	33	5.31	0.00	5.31	5.31	5.31	5.31	5.31
Gypsy-99_SB-I_1p:ClassI:LTR:Gypsy	1399	81	1	0	1	0	30.61	0.00	30.61	30.61	30.61	30.61	30.61	81.00	0.00	81	81.00	81.00	81.00	81	5.79	0.00	5.79	5.79	5.79	5.79	5.79
Gypsy1-PP_I_2p:ClassI:LTR:Gypsy	428	1932	5	1	5	1	34.86	2.04	32.43	32.98	35.70	36.05	37.13	386.40	172.02	138	306.00	423.00	477.00	588	90.28	40.19	32.24	71.50	98.83	111.45	137.38
Gypsy2-I_AO-2p:ClassI:LTR:Gypsy	1246	5262	8	0	8	0	39.05	5.63	32.48	35.46	37.08	45.00	47.27	657.75	464.97	45	414.00	547.50	978.00	1554	52.79	37.32	3.61	33.23	43.94	78.49	124.72
Gypsy23-PTR_I_1p:ClassI:LTR:Gypsy	1512	84	1	0	1	0	30.28	0.00	30.28	30.28	30.28	30.28	30.28	84.00	0.00	84	84.00	84.00	84.00	84	5.56	0.00	5.56	5.56	5.56	5.56	5.56
Gypsy2_STp:ClassI:LTR:Gypsy	1499	606	1	0	1	0	26.24	0.00	26.24	26.24	26.24	26.24	26.24	606.00	0.00	606	606.00	606.00	606.00	606	40.43	0.00	40.43	40.43	40.43	40.43	40.43
Gypsy3-PP_I_1p:ClassI:LTR:Gypsy	711	78	1	0	1	0	48.09	0.00	48.09	48.09	48.09	48.09	48.09	78.00	0.00	78	78.00	78.00	78.00	78	10.97	0.00	10.97	10.97	10.97	10.97	10.97
Gypsy4-I_AOp:ClassI:LTR:Gypsy	1999	42	1	0	1	0	30.64	0.00	30.64	30.64	30.64	30.64	30.64	42.00	0.00	42	42.00	42.00	42.00	42	2.10	0.00	2.10	2.10	2.10	2.10	2.10
Gypsy46-ZM_I_1p:ClassI:LTR:Gypsy	824	306	1	0	1	0	37.96	0.00	37.96	37.96	37.96	37.96	37.96	306.00	0.00	306	306.00	306.00	306.00	306	37.14	0.00	37.14	37.14	37.14	37.14	37.14
Gypsy64-I_DR_1p:ClassI:LTR:Gypsy	1068	69	1	0	1	0	25.16	0.00	25.16	25.16	25.16	25.16	25.16	69.00	0.00	69	69.00	69.00	69.00	69	6.46	0.00	6.46	6.46	6.46	6.46	6.46
Gypsy89-I_DR_1p:ClassI:LTR:Gypsy	1174	153	1	0	1	0	27.60	0.00	27.60	27.60	27.60	27.60	27.60	153.00	0.00	153	153.00	153.00	153.00	153	13.03	0.00	13.03	13.03	13.03	13.03	13.03
Harbinger-11_CCri_2p:ClassII:TIR:PIF-Harbinger	363	735	2	0	1	0	31.54	0.00	31.54	31.54	31.54	31.54	31.54	735.00	0.00	735	735.00	735.00	735.00	735	202.48	0.00	202.48	202.48	202.48	202.48	202.48
Harbinger-47_CCri_1p:ClassII:TIR:PIF-Harbinger	772	630	2	0	1	0	33.50	0.00	33.50	33.50	33.50	33.50	33.50	630.00	0.00	630	630.00	630.00	630.00	630	81.61	0.00	81.61	81.61	81.61	81.61	81.61
Harbinger-5_CCri_1p:ClassII:TIR:PIF-Harbinger	911	294	1	0	1	0	34.82	0.00	34.82	34.82	34.82	34.82	34.82	294.00	0.00	294	294.00	294.00	294.00	294	32.27	0.00	32.27	32.27	32.27	32.27	32.27
Harbinger-68_CCri_1p:ClassII:TIR:PIF-Harbinger	865	561	1	0	1	0	32.63	0.00	32.63	32.63	32.63	32.63	32.63	561.00	0.00	561	561.00	561.00	561.00	561	64.86	0.00	64.86	64.86	64.86	64.86	64.86
Harbinger-73_CCri_1p:ClassII:TIR:PIF-Harbinger	1169	789	2	0	1	0	37.68	0.00	37.68	37.68	37.68	37.68	37.68	789.00	0.00	789	789.00	789.00	789.00	789	67.49	0.00	67.49	67.49	67.49	67.49	67.49
Harbinger-9_CCri_2p:ClassII:TIR:PIF-Harbinger	1627	3075	5	0	5	0	32.25	2.32	29.67	31.14	31.25	33.63	35.54	615.00	53.96	531	591.00	645.00	648.00	660	37.80	3.32	32.64	36.32	39.64	39.83	40.57
Helitron-1_DR_1p:ClassII:Helitron:Helitron	2505	78	1	0	1	0	31.40	0.00	31.40	31.40	31.40	31.40	31.40	78.00	0.00	78	78.00	78.00	78.00	78	3.11	0.00	3.11	3.11	3.11	3.11	3.11
Helitron-2_DRh_1p:ClassII:Helitron:Helitron	1614	1374	1	0	1	0	25.98	0.00	25.98	25.98	25.98	25.98	25.98	1374.00	0.00	1374	1374.00	1374.00	1374.00	1374	85.13	0.00	85.13	85.13	85.13	85.13	85.13
Helitron-4_DRh_2p:ClassII:Helitron:Helitron	704	192	1	0	1	0	26.87	0.00	26.87	26.87	26.87	26.87	26.87	192.00	0.00	192	192.00	192.00	192.00	192	27.27	0.00	27.27	27.27	27.27	27.27	27.27
Helitron-4_SPur_1p:ClassII:Helitron:Helitron	1584	1284	1	0	1	0	32.68	0.00	32.68	32.68	32.68	32.68	32.68	1284.00	0.00	1284	1284.00	1284.00	1284.00	1284	81.06	0.00	81.06	81.06	81.06	81.06	81.06
Helitron-5_NVi_1p:ClassII:Helitron:Helitron	1418	390	1	0	1	0	30.30	0.00	30.30	30.30	30.30	30.30	30.30	390.00	0.00	390	390.00	390.00	390.00	390	27.50	0.00	27.50	27.50	27.50	27.50	27.50
Helitron-7_CGi_1p:ClassII:Helitron:Helitron	2123	45	1	0	1	0	26.68	0.00	26.68	26.68	26.68	26.68	26.68	45.00	0.00	45	45.00	45.00	45.00	45	2.12	0.00	2.12	2.12	2.12	2.12	2.12
IS4EU-1_BF2p:ClassII:?:ISL2EU	512	183	1	0	1	0	49.18	0.00	49.18	49.18	49.18	49.18	49.18	183.00	0.00	183	183.00	183.00	183.00	183	35.74	0.00	35.74	35.74	35.74	35.74	35.74
Kolobok-1_CCri_2p:ClassII:?:Kolobok	649	114	1	0	1	0	26.15	0.00	26.15	26.15	26.15	26.15	26.15	114.00	0.00	114	114.00	114.00	114.00	114	17.57	0.00	17.57	17.57	17.57	17.57	17.57
KolobokH-1A_RIr_1p:ClassII:?:Kolobok	1379	1371	1	1	1	1	29.33	0.00	29.33	29.33	29.33	29.33	29.33	1371.00	0.00	1371	1371.00	1371.00	1371.00	1371	99.42	0.00	99.42	99.42	99.42	99.42	99.42
KolobokH-1_RIr_1p:ClassII:?:Kolobok	1371	2130	2	0	2	0	28.38	4.78	25.00	25.00	28.38	31.76	31.76	1065.00	212.13	915	915.00	1065.00	1215.00	1215	77.68	15.47	66.74	66.74	77.68	88.62	88.62
KolobokH-3_RIr_1p:ClassII:?:Kolobok	1355	1497	2	0	2	0	32.39	1.97	31.00	31.00	32.39	33.78	33.78	748.50	456.08	426	426.00	748.50	1071.00	1071	55.24	33.66	31.44	31.44	55.24	79.04	79.04
MarCry-1_FO_1p:ClassII:TIR:Tc1-Mariner	381	2592	5	0	5	0	31.50	3.17	29.13	29.58	29.79	32.28	36.72	518.40	284.84	24	564.00	621.00	630.00	753	136.06	74.76	6.30	148.03	162.99	165.35	197.64
Mariner-11_SS_1p:ClassII:TIR:Tc1-Mariner	539	639	6	0	6	0	27.75	2.26	25.07	25.21	28.26	29.43	30.30	106.50	95.30	27	30.00	64.50	210.00	243	19.76	17.68	5.01	5.57	11.97	38.96	45.08
Mariner-13_SS_1p:ClassII:TIR:Tc1-Mariner	568	19872	33	0	32	0	31.45	3.28	27.52	29.71	30.48	32.39	42.51	621.00	496.97	21	129.00	529.50	963.00	1842	109.33	87.49	3.70	22.71	93.22	169.54	324.30
Mariner-14_SS_1p:ClassII:TIR:Tc1-Mariner	595	63	1	0	1	0	31.41	0.00	31.41	31.41	31.41	31.41	31.41	63.00	0.00	63	63.00	63.00	63.00	63	10.59	0.00	10.59	10.59	10.59	10.59	10.59
Mariner-1_ABr_1p:ClassII:TIR:Tc1-Mariner	616	6615	7	1	7	1	43.76	5.92	35.64	35.89	44.83	50.00	50.00	945.00	518.04	264	528.00	984.00	1371.00	1749	153.41	84.10	42.86	85.71	159.74	222.56	283.93
Mariner-1_AFp:ClassII:TIR:Tc1-Mariner	556	675	6	0	6	0	29.91	2.05	28.31	28.31	29.52	30.00	33.82	112.50	99.69	21	42.00	67.50	237.00	240	20.23	17.93	3.78	7.55	12.14	42.63	43.17
Mariner-1_SS_1p:ClassII:TIR:Tc1-Mariner	542	25827	35	1	33	1	29.94	2.01	26.74	27.86	30.17	31.35	35.11	782.64	434.99	21	570.00	855.00	1110.00	1527	144.40	80.26	3.87	105.17	157.75	204.80	281.73
Mariner-24_CGi_1p:ClassII:TIR:Tc1-Mariner	568	93	1	0	1	0	24.16	0.00	24.16	24.16	24.16	24.16	24.16	93.00	0.00	93	93.00	93.00	93.00	93	16.37	0.00	16.37	16.37	16.37	16.37	16.37
Mariner-2_SS_1p:ClassII:TIR:Tc1-Mariner	550	4608	10	0	10	0	29.23	1.95	26.23	27.62	29.13	31.07	31.90	460.80	561.18	21	27.00	213.00	999.00	1488	83.78	102.03	3.82	4.91	38.73	181.64	270.55
Mariner-2_TMe_1p:ClassII:TIR:Tc1-Mariner	585	603	1	1	1	1	26.83	0.00	26.83	26.83	26.83	26.83	26.83	603.00	0.00	603	603.00	603.00	603.00	603	103.08	0.00	103.08	103.08	103.08	103.08	103.08
Mariner-3_SS_1p:ClassII:TIR:Tc1-Mariner	547	9714	24	0	24	0	28.99	3.81	24.03	26.84	28.39	31.11	40.91	404.75	488.82	21	33.00	120.00	792.00	1545	73.99	89.36	3.84	6.03	21.94	144.79	282.45
Mariner-4_SS_1p:ClassII:TIR:Tc1-Mariner	547	40894	44	2	43	2	29.71	4.52	24.69	27.46	28.80	30.90	50.00	951.02	436.63	51	540.00	1050.00	1332.00	1566	173.86	79.82	9.32	98.72	191.96	243.51	286.29
Mariner-5_SS_1p:ClassII:TIR:Tc1-Mariner	550	3381	9	0	9	0	30.92	5.30	24.50	27.66	29.49	32.11	41.21	375.67	351.12	21	27.00	315.00	690.00	897	68.30	63.84	3.82	4.91	57.27	125.45	163.09
Mariner-6_ANp:ClassII:TIR:Tc1-Mariner	457	177	3	0	3	0	34.46	6.15	27.97	27.97	35.19	40.21	40.21	59.00	33.05	21	21.00	75.00	81.00	81	12.91	7.23	4.60	4.60	16.41	17.72	17.72
Mariner-6_SS_1p:ClassII:TIR:Tc1-Mariner	547	1126	9	0	9	0	28.33	1.25	25.74	27.78	28.60	29.28	29.70	125.11	137.76	21	30.00	51.00	190.00	396	22.87	25.19	3.84	5.48	9.32	34.73	72.39
Mariner-7_SS_1p:ClassII:?:?	547	10317	19	1	18	1	29.99	3.10	26.24	28.39	29.09	30.29	39.33	573.17	586.06	24	90.00	300.00	1107.00	1626	104.78	107.14	4.39	16.45	54.84	202.38	297.26
Mariner-9_AN_1p:ClassII:TIR:Tc1-Mariner	622	132	2	0	2	0	40.19	1.79	38.92	38.92	40.19	41.45	41.45	66.00	55.15	27	27.00	66.00	105.00	105	10.61	8.87	4.34	4.34	10.61	16.88	16.88
Mariner-9_SS_1p:ClassII:?:?	551	1110	8	0	8	0	29.37	2.44	24.80	28.81	29.77	31.80	32.03	138.75	150.27	21	30.00	58.50	351.00	384	25.18	27.27	3.81	5.44	10.62	63.70	69.69
Mariner2_AOp:ClassII:TIR:Tc1-Mariner	558	51	1	0	1	0	28.91	0.00	28.91	28.91	28.91	28.91	28.91	51.00	0.00	51	51.00	51.00	51.00	51	9.14	0.00	9.14	9.14	9.14	9.14	9.14
MuDR-17_CCri_2p:ClassII:TIR:MuDR	511	2118	7	0	7	0	37.97	2.68	33.33	36.43	38.35	39.83	41.43	302.57	122.85	120	129.00	360.00	381.00	402	59.21	24.04	23.48	25.24	70.45	74.56	78.67
PCretro6_I_1p:ClassI:LTR:Copia	1388	1113	1	0	1	0	27.97	0.00	27.97	27.97	27.97	27.97	27.97	1113.00	0.00	1113	1113.00	1113.00	1113.00	1113	80.19	0.00	80.19	80.19	80.19	80.19	80.19
Polinton-3_HM_1p:ClassII:Maverick:Maverick	430	54	1	0	1	0	29.87	0.00	29.87	29.87	29.87	29.87	29.87	54.00	0.00	54	54.00	54.00	54.00	54	12.56	0.00	12.56	12.56	12.56	12.56	12.56
REAL_AA_1p:ClassI:LTR:Gypsy	1243	93	1	0	1	0	38.79	0.00	38.79	38.79	38.79	38.79	38.79	93.00	0.00	93	93.00	93.00	93.00	93	7.48	0.00	7.48	7.48	7.48	7.48	7.48
RLG_scIvana_1_2-I_1p:ClassI:LTR:Copia	1573	21	1	0	1	0	30.49	0.00	30.49	30.49	30.49	30.49	30.49	21.00	0.00	21	21.00	21.00	21.00	21	1.34	0.00	1.34	1.34	1.34	1.34	1.34
ROMANI1_I_1p:ClassI:LTR:Gypsy	1667	90	1	0	1	0	30.60	0.00	30.60	30.60	30.60	30.60	30.60	90.00	0.00	90	90.00	90.00	90.00	90	5.40	0.00	5.40	5.40	5.40	5.40	5.40
RPS2_1p:ClassI:?:?	295	744	2	0	1	0	54.03	0.00	54.03	54.03	54.03	54.03	54.03	744.00	0.00	744	744.00	744.00	744.00	744	252.20	0.00	252.20	252.20	252.20	252.20	252.20
SFV1-16_Gav-I_2p:ClassI:LTR:Retrovirus	305	300	1	1	1	1	32.00	0.00	32.00	32.00	32.00	32.00	32.00	300.00	0.00	300	300.00	300.00	300.00	300	98.36	0.00	98.36	98.36	98.36	98.36	98.36
SHACOP_I_MT_1p:ClassI:LTR:Copia	1297	330	1	0	1	0	37.50	0.00	37.50	37.50	37.50	37.50	37.50	330.00	0.00	330	330.00	330.00	330.00	330	25.44	0.00	25.44	25.44	25.44	25.44	25.44
SKIPPY_I_2p:ClassI:LTR:?	1295	174	3	0	3	0	41.38	9.46	31.12	31.12	43.26	49.75	49.75	58.00	32.08	30	30.00	51.00	93.00	93	4.48	2.48	2.32	2.32	3.94	7.18	7.18
Sola1-2C_CCri_2p:ClassII:?:Sola	1186	1649	5	0	3	0	41.07	9.17	33.13	33.13	38.98	51.10	51.10	550.00	111.05	441	441.00	546.00	663.00	663	46.37	9.36	37.18	37.18	46.04	55.90	55.90
Tad1-70_BG_2p:ClassI:LINE:I	1124	3267	1	0	1	0	26.59	0.00	26.59	26.59	26.59	26.59	26.59	3267.00	0.00	3267	3267.00	3267.00	3267.00	3267	290.66	0.00	290.66	290.66	290.66	290.66	290.66
TCN1-I_2p:ClassI:LTR:Gypsy	1160	58	1	0	1	0	33.33	0.00	33.33	33.33	33.33	33.33	33.33	58.00	0.00	58	58.00	58.00	58.00	58	5.00	0.00	5.00	5.00	5.00	5.00	5.00
