TE	length	covg	frags	fullLgthFrags	copies	fullLgthCopies	meanId	sdId	minId	q25Id	medId	q75Id	maxId	meanLgth	sdLgth	minLgth	q25Lgth	medLgth	q75Lgth	maxLgth	meanLgthPerc	sdLgthPerc	minLgthPerc	q25LgthPerc	medLgthPerc	q75LgthPerc	maxLgthPerc
DHX-comp_SN4-B-P4.3-Map3_reversed	6846	22421	11	1	9	2	86.17	7.24	70.80	82.90	87.50	91.60	92.40	2491.22	2996.88	46	134.00	252.00	5237.00	6848	36.39	43.78	0.67	1.96	3.68	76.50	100.03
DHX-incomp_CS10-B-G138-Map19_reversed	6578	466	5	0	5	0	80.74	3.51	76.80	78.70	80.00	82.30	85.90	93.20	17.05	67	91.00	92.00	104.00	112	1.42	0.26	1.02	1.38	1.40	1.58	1.70
DHX-incomp_CS10-B-G139-Map20	6718	812	9	0	9	0	76.58	5.36	68.30	71.80	77.60	79.40	85.90	90.22	32.97	45	67.00	93.00	104.00	143	1.34	0.49	0.67	1.00	1.38	1.55	2.13
DHX-incomp_CS10-B-G140-Map5_reversed	5735	695	6	0	6	0	80.35	5.41	73.40	75.60	80.10	86.10	86.80	115.83	62.59	53	67.00	106.50	150.00	212	2.02	1.09	0.92	1.17	1.86	2.62	3.70
DHX-incomp_CS10-B-G145-Map3_reversed	6579	67	1	0	1	0	79.60	0.00	79.60	79.60	79.60	79.60	79.60	67.00	0.00	67	67.00	67.00	67.00	67	1.02	0.00	1.02	1.02	1.02	1.02	1.02
DHX-incomp_CS10-B-G22-Map20_reversed	7636	660	6	0	6	0	85.92	14.53	68.80	71.00	87.85	100.00	100.00	110.00	53.75	24	67.00	131.50	149.00	157	1.44	0.70	0.31	0.88	1.72	1.95	2.06
DHX-incomp_CS10_RS_12	7347	999	5	0	5	0	72.42	8.53	62.00	64.40	76.90	78.80	80.00	199.80	100.30	109	140.00	160.00	229.00	361	2.72	1.37	1.48	1.91	2.18	3.12	4.91
DHX-incomp_Ptr_1CBFP-B-R311-Map3_reversed	1246	741	5	0	5	0	79.68	2.73	77.40	77.70	78.00	82.30	83.00	148.20	89.21	82	109.00	121.00	124.00	305	11.89	7.16	6.58	8.75	9.71	9.95	24.48
DHX-incomp_SN2000-B-G180-Map3	13100	32613	5	1	5	1	93.42	0.72	92.40	93.00	93.70	93.80	94.20	6522.60	4529.10	1795	3133.00	5830.00	8815.00	13040	49.79	34.57	13.70	23.92	44.50	67.29	99.54
DMX-incomp_SN15_SOL-B-R31-Map20	23505	737844	50	25	45	25	91.47	3.86	82.00	91.00	92.80	93.60	96.90	16396.53	9315.11	81	7013.00	23023.00	23486.00	23600	69.76	39.63	0.34	29.84	97.95	99.92	100.40
DMX-incomp_SN15_SOL_RS_5	16085	21914	5	0	4	0	94.62	3.16	90.38	94.50	95.10	97.90	97.90	5478.50	6149.88	46	2881.00	3816.50	14235.00	14235	34.06	38.23	0.29	17.91	23.73	88.50	88.50
DMX-incomp_SN4-B-R24-Map20	14733	54380	13	0	8	1	90.25	9.34	68.00	93.91	94.20	94.80	95.00	6798.25	5474.25	736	2044.00	6056.50	11884.00	14940	46.14	37.16	5.00	13.87	41.11	80.66	101.41
DTX-comp-chim_Ptr_1CBFP-B-G241-Map3_reversed	8160	68	1	0	1	0	92.70	0.00	92.70	92.70	92.70	92.70	92.70	68.00	0.00	68	68.00	68.00	68.00	68	0.83	0.00	0.83	0.83	0.83	0.83	0.83
DTX-comp-chim_Ptr_1CBFP-L-B152-Map1	3195	68	1	0	1	0	92.70	0.00	92.70	92.70	92.70	92.70	92.70	68.00	0.00	68	68.00	68.00	68.00	68	2.13	0.00	2.13	2.13	2.13	2.13	2.13
DTX-comp_CS10-B-G50-Map6	1879	1519	2	0	1	0	57.87	0.00	57.87	57.87	57.87	57.87	57.87	1519.00	0.00	1519	1519.00	1519.00	1519.00	1519	80.84	0.00	80.84	80.84	80.84	80.84	80.84
DTX-comp_CS10-B-G67-Map7_reversed	1858	206	1	0	1	0	72.60	0.00	72.60	72.60	72.60	72.60	72.60	206.00	0.00	206	206.00	206.00	206.00	206	11.09	0.00	11.09	11.09	11.09	11.09	11.09
DTX-comp_CS10_RS_00	14080	5901	11	0	11	0	79.34	8.93	68.20	72.70	75.90	85.30	96.10	536.45	852.47	55	132.00	257.00	538.00	3054	3.81	6.05	0.39	0.94	1.83	3.82	21.69
DTX-comp_CS10_RS_49	1849	370	1	0	1	0	70.30	0.00	70.30	70.30	70.30	70.30	70.30	370.00	0.00	370	370.00	370.00	370.00	370	20.01	0.00	20.01	20.01	20.01	20.01	20.01
DTX-comp_Ptr_1CBFP-B-G144-Map3	3133	370	1	0	1	0	87.10	0.00	87.10	87.10	87.10	87.10	87.10	370.00	0.00	370	370.00	370.00	370.00	370	11.81	0.00	11.81	11.81	11.81	11.81	11.81
DTX-comp_Ptr_1CBFP-B-G36-Map7_reversed	2121	129	1	0	1	0	70.30	0.00	70.30	70.30	70.30	70.30	70.30	129.00	0.00	129	129.00	129.00	129.00	129	6.08	0.00	6.08	6.08	6.08	6.08	6.08
DTX-comp_Ptr_1CBFP-B-G40-Map9_reversed	1948	626	3	0	3	0	76.10	6.75	69.40	69.40	76.00	82.90	82.90	208.67	166.95	87	87.00	140.00	399.00	399	10.71	8.57	4.47	4.47	7.19	20.48	20.48
DTX-comp_Ptr_1CBFP-B-G55-Map12	2153	979	1	0	1	0	74.00	0.00	74.00	74.00	74.00	74.00	74.00	979.00	0.00	979	979.00	979.00	979.00	979	45.47	0.00	45.47	45.47	45.47	45.47	45.47
DTX-comp_Ptr_1CBFP-B-G58-Map5	1849	557	1	0	1	0	73.30	0.00	73.30	73.30	73.30	73.30	73.30	557.00	0.00	557	557.00	557.00	557.00	557	30.12	0.00	30.12	30.12	30.12	30.12	30.12
DTX-comp_Ptr_1CBFP-B-G66-Map20_reversed	1890	98	1	0	1	0	73.50	0.00	73.50	73.50	73.50	73.50	73.50	98.00	0.00	98	98.00	98.00	98.00	98	5.19	0.00	5.19	5.19	5.19	5.19	5.19
DTX-comp_Ptr_1CBFP-B-G89-Map6	2102	399	1	0	1	0	65.10	0.00	65.10	65.10	65.10	65.10	65.10	399.00	0.00	399	399.00	399.00	399.00	399	18.98	0.00	18.98	18.98	18.98	18.98	18.98
DTX-comp_Ptr_1CBFP-B-G90-Map7_reversed	2114	515	3	0	3	0	84.30	7.63	77.80	77.80	82.40	92.70	92.70	171.67	160.88	68	68.00	90.00	357.00	357	8.12	7.61	3.22	3.22	4.26	16.89	16.89
DTX-comp_Ptr_1CBFP-B-G94-Map14	2123	204	1	0	1	0	82.30	0.00	82.30	82.30	82.30	82.30	82.30	204.00	0.00	204	204.00	204.00	204.00	204	9.61	0.00	9.61	9.61	9.61	9.61	9.61
DTX-comp_Ptr_1CBFP-B-P34.3-Map13_reversed	2124	971	3	0	2	0	77.60	21.35	62.50	62.50	77.60	92.70	92.70	485.50	590.43	68	68.00	485.50	903.00	903	22.86	27.80	3.20	3.20	22.86	42.51	42.51
DTX-comp_Ptr_1CBFP-B-R16-Map5	1871	140	1	0	1	0	82.90	0.00	82.90	82.90	82.90	82.90	82.90	140.00	0.00	140	140.00	140.00	140.00	140	7.48	0.00	7.48	7.48	7.48	7.48	7.48
DTX-comp_Ptr_1CBFP-B-R181-Map3	3200	137	1	0	1	0	76.80	0.00	76.80	76.80	76.80	76.80	76.80	137.00	0.00	137	137.00	137.00	137.00	137	4.28	0.00	4.28	4.28	4.28	4.28	4.28
DTX-comp_Ptr_1CBFP-B-R27-Map20	5875	90	1	0	1	0	80.00	0.00	80.00	80.00	80.00	80.00	80.00	90.00	0.00	90	90.00	90.00	90.00	90	1.53	0.00	1.53	1.53	1.53	1.53	1.53
DTX-comp_Ptr_1CBFP-B-R60-Map20_reversed	2127	2136	2	1	2	1	90.50	3.11	88.30	88.30	90.50	92.70	92.70	1068.00	1414.21	68	68.00	1068.00	2068.00	2068	50.21	66.49	3.20	3.20	50.21	97.23	97.23
DTX-comp_SN15_SOL-B-G34-Map6	1863	127	1	0	1	0	96.20	0.00	96.20	96.20	96.20	96.20	96.20	127.00	0.00	127	127.00	127.00	127.00	127	6.82	0.00	6.82	6.82	6.82	6.82	6.82
DTX-comp_SN15_SOL-B-G47-Map7_reversed	2114	11126	13	4	11	4	87.83	10.18	67.31	77.50	93.20	96.20	96.70	1011.45	919.96	92	114.00	599.00	2111.00	2120	47.85	43.52	4.35	5.39	28.33	99.86	100.28
DTX-comp_SN4-B-G57-Map8	1855	23	1	0	1	0	57.00	0.00	57.00	57.00	57.00	57.00	57.00	23.00	0.00	23	23.00	23.00	23.00	23	1.24	0.00	1.24	1.24	1.24	1.24	1.24
DTX-comp_SN4-B-P6.1-Map3	1293	3971	7	2	7	2	91.09	4.84	85.70	86.40	91.90	95.80	97.10	567.29	634.53	34	48.00	96.00	1245.00	1293	43.87	49.07	2.63	3.71	7.42	96.29	100.00
DTX-comp_SN4-B-R50-Map10	1845	709	3	0	3	0	74.33	14.43	66.00	66.00	66.00	91.00	91.00	236.33	355.65	30	30.00	32.00	647.00	647	12.81	19.28	1.63	1.63	1.73	35.07	35.07
DTX-comp_SN4_RS_28_reversed	2112	13526	10	3	9	4	88.53	9.52	69.20	92.30	92.91	93.70	94.20	1502.89	805.84	61	901.00	1981.00	2111.00	2123	71.16	38.16	2.89	42.66	93.80	99.95	100.52
DTX-incomp-chim_CS10-B-R137-Map5	4054	3093	5	0	3	0	61.22	4.53	56.48	56.48	61.69	65.50	65.50	1031.00	502.02	467	467.00	1197.00	1429.00	1429	25.43	12.38	11.52	11.52	29.53	35.25	35.25
DTX-incomp-chim_CS10-B-R61-Map5	7716	1306	2	0	2	0	68.45	0.49	68.10	68.10	68.45	68.80	68.80	653.00	171.12	532	532.00	653.00	774.00	774	8.46	2.22	6.89	6.89	8.46	10.03	10.03
DTX-incomp-chim_CS10-L-B116-Map1	4535	290	1	0	1	0	73.10	0.00	73.10	73.10	73.10	73.10	73.10	290.00	0.00	290	290.00	290.00	290.00	290	6.39	0.00	6.39	6.39	6.39	6.39	6.39
DTX-incomp-chim_CS10-L-B117-Map1	4230	467	2	0	2	0	62.30	2.69	60.40	60.40	62.30	64.20	64.20	233.50	105.36	159	159.00	233.50	308.00	308	5.52	2.49	3.76	3.76	5.52	7.28	7.28
DTX-incomp-chim_CS10-L-B13-Map2	17747	6966	8	0	5	0	73.75	5.48	68.40	70.22	72.50	75.20	82.44	1393.20	1138.60	176	287.00	1553.00	2236.00	2714	7.85	6.42	0.99	1.62	8.75	12.60	15.29
DTX-incomp-chim_CS10-L-B21-Map1	22648	292	1	0	1	0	58.90	0.00	58.90	58.90	58.90	58.90	58.90	292.00	0.00	292	292.00	292.00	292.00	292	1.29	0.00	1.29	1.29	1.29	1.29	1.29
DTX-incomp-chim_CS10-L-B23-Map1_reversed	21650	7698	32	0	28	0	70.24	7.88	54.40	68.10	71.10	74.20	86.29	275.11	243.90	57	179.00	191.50	246.00	1224	1.27	1.13	0.26	0.83	0.88	1.14	5.65
DTX-incomp-chim_CS10-L-B26-Map1	19906	60	1	0	1	0	83.30	0.00	83.30	83.30	83.30	83.30	83.30	60.00	0.00	60	60.00	60.00	60.00	60	0.30	0.00	0.30	0.30	0.30	0.30	0.30
DTX-incomp-chim_CS10-L-B27-Map1	19826	1192	2	0	2	0	71.45	6.15	67.10	67.10	71.45	75.80	75.80	596.00	702.86	99	99.00	596.00	1093.00	1093	3.01	3.55	0.50	0.50	3.01	5.51	5.51
DTX-incomp-chim_CS10-L-B28-Map1_reversed	16520	286	1	0	1	0	61.20	0.00	61.20	61.20	61.20	61.20	61.20	286.00	0.00	286	286.00	286.00	286.00	286	1.73	0.00	1.73	1.73	1.73	1.73	1.73
DTX-incomp-chim_CS10-L-B41-Map1_reversed	9693	510	1	0	1	0	57.10	0.00	57.10	57.10	57.10	57.10	57.10	510.00	0.00	510	510.00	510.00	510.00	510	5.26	0.00	5.26	5.26	5.26	5.26	5.26
DTX-incomp-chim_Ptr_1CBFP-L-B108-Map1	5561	444	3	0	3	0	62.37	5.32	59.00	59.00	59.60	68.50	68.50	148.00	113.91	48	48.00	124.00	272.00	272	2.66	2.05	0.86	0.86	2.23	4.89	4.89
DTX-incomp-chim_Ptr_1CBFP-L-B138-Map1	4986	98	1	0	1	0	73.50	0.00	73.50	73.50	73.50	73.50	73.50	98.00	0.00	98	98.00	98.00	98.00	98	1.97	0.00	1.97	1.97	1.97	1.97	1.97
DTX-incomp-chim_Ptr_1CBFP-L-B139-Map1	4212	1038	5	0	5	0	72.88	2.86	68.90	70.90	74.00	75.20	75.40	207.60	151.64	78	123.00	135.00	247.00	455	4.93	3.60	1.85	2.92	3.21	5.86	10.80
DTX-incomp-chim_Ptr_1CBFP-L-B142-Map1	4141	99	1	0	1	0	77.00	0.00	77.00	77.00	77.00	77.00	77.00	99.00	0.00	99	99.00	99.00	99.00	99	2.39	0.00	2.39	2.39	2.39	2.39	2.39
DTX-incomp-chim_Ptr_1CBFP-L-B146-Map1	3912	86	1	0	1	0	76.70	0.00	76.70	76.70	76.70	76.70	76.70	86.00	0.00	86	86.00	86.00	86.00	86	2.20	0.00	2.20	2.20	2.20	2.20	2.20
DTX-incomp-chim_Ptr_1CBFP-L-B41-Map1	23473	4355	7	0	7	0	69.81	4.36	64.20	66.40	69.20	75.10	75.10	622.14	384.89	186	235.00	818.00	1012.00	1020	2.65	1.64	0.79	1.00	3.48	4.31	4.35
DTX-incomp-chim_Ptr_1CBFP-L-B42-Map1_reversed	19893	2373	3	0	3	0	66.17	10.46	56.00	56.00	65.60	76.90	76.90	791.00	222.90	613	613.00	719.00	1041.00	1041	3.98	1.12	3.08	3.08	3.61	5.23	5.23
DTX-incomp-chim_Ptr_1CBFP-L-B43-Map1	19420	656	3	0	3	0	65.80	3.86	61.40	61.40	67.40	68.60	68.60	218.67	213.45	21	21.00	190.00	445.00	445	1.13	1.10	0.11	0.11	0.98	2.29	2.29
DTX-incomp-chim_Ptr_1CBFP-L-B44-Map1_reversed	19396	15611	20	0	16	0	72.07	10.69	58.20	65.59	72.81	77.20	92.70	980.44	1714.05	27	128.00	272.50	1211.00	6214	5.05	8.84	0.14	0.66	1.40	6.24	32.04
DTX-incomp-chim_Ptr_1CBFP-L-B45-Map1	19011	4113	3	0	3	0	74.97	7.38	66.50	66.50	78.40	80.00	80.00	1371.00	2176.46	90	90.00	139.00	3884.00	3884	7.21	11.45	0.47	0.47	0.73	20.43	20.43
DTX-incomp-chim_Ptr_1CBFP-L-B47-Map1	17973	1796	4	0	4	0	78.65	13.08	62.40	74.80	79.75	92.70	92.70	449.00	604.08	68	130.00	190.00	1348.00	1348	2.50	3.36	0.38	0.72	1.06	7.50	7.50
DTX-incomp-chim_Ptr_1CBFP-L-B49-Map1_reversed	14896	2122	16	0	16	0	79.27	6.03	68.10	75.80	79.30	83.60	92.90	132.62	69.69	21	90.00	125.00	161.00	302	0.89	0.47	0.14	0.60	0.84	1.08	2.03
DTX-incomp-chim_Ptr_1CBFP-L-B51-Map1_reversed	13310	6346	18	0	17	0	75.83	5.19	62.60	75.20	76.50	77.50	85.20	373.29	1014.84	53	100.00	123.00	154.00	4308	2.80	7.62	0.40	0.75	0.92	1.16	32.37
DTX-incomp-chim_Ptr_1CBFP-L-B53-Map1	13243	563	3	0	3	0	75.50	3.70	71.30	71.30	76.90	78.30	78.30	187.67	129.36	110	110.00	116.00	337.00	337	1.42	0.98	0.83	0.83	0.88	2.54	2.54
DTX-incomp-chim_Ptr_1CBFP-L-B55-Map1	13177	96	2	0	2	0	74.20	26.16	55.70	55.70	74.20	92.70	92.70	48.00	28.28	28	28.00	48.00	68.00	68	0.36	0.21	0.21	0.21	0.36	0.52	0.52
DTX-incomp-chim_Ptr_1CBFP-L-B61-Map1_reversed	9420	311	2	0	2	0	81.20	6.93	76.30	76.30	81.20	86.10	86.10	155.50	38.89	128	128.00	155.50	183.00	183	1.65	0.41	1.36	1.36	1.65	1.94	1.94
DTX-incomp-chim_Ptr_1CBFP-L-B68-Map1	8595	3333	4	0	4	0	66.30	6.35	57.00	67.60	68.65	70.90	70.90	833.25	765.92	34	322.00	894.00	1511.00	1511	9.69	8.91	0.40	3.75	10.40	17.58	17.58
DTX-incomp-chim_Ptr_1CBFP-L-B70-Map1	8504	58	1	0	1	0	82.80	0.00	82.80	82.80	82.80	82.80	82.80	58.00	0.00	58	58.00	58.00	58.00	58	0.68	0.00	0.68	0.68	0.68	0.68	0.68
DTX-incomp-chim_Ptr_1CBFP-L-B85-Map1	7139	999	4	0	3	0	70.27	19.73	55.60	55.60	62.50	92.70	92.70	333.00	494.04	28	28.00	68.00	903.00	903	4.66	6.92	0.39	0.39	0.95	12.65	12.65
DTX-incomp-chim_Ptr_1CBFP-L-B91-Map1_reversed	6362	182	1	0	1	0	72.20	0.00	72.20	72.20	72.20	72.20	72.20	182.00	0.00	182	182.00	182.00	182.00	182	2.86	0.00	2.86	2.86	2.86	2.86	2.86
DTX-incomp-chim_SN15_SOL-L-B13-Map1_reversed	18062	67846	13	2	12	2	84.99	9.90	63.20	80.10	87.50	91.90	100.00	5653.92	6960.91	118	771.00	2238.50	14595.00	18062	31.30	38.54	0.65	4.27	12.39	80.81	100.00
DTX-incomp-chim_SN15_SOL-L-B18-Map1	15739	34186	13	1	9	1	80.94	12.29	69.20	69.30	76.70	92.00	100.00	3798.44	4938.88	37	256.00	1918.00	4692.00	15739	24.13	31.38	0.24	1.63	12.19	29.81	100.00
DTX-incomp-chim_SN15_SOL-L-B19-Map1_reversed	15719	33818	6	1	6	1	78.20	11.97	67.40	69.10	75.00	82.70	100.00	5636.33	6861.28	33	60.00	2862.00	12282.00	15719	35.86	43.65	0.21	0.38	18.21	78.13	100.00
DTX-incomp-chim_SN15_SOL-L-B27-Map1_reversed	13684	45090	12	1	10	1	80.06	12.29	61.80	71.20	75.75	91.20	100.00	4509.00	5017.20	122	270.00	3075.50	6771.00	13684	32.95	36.66	0.89	1.97	22.48	49.48	100.00
DTX-incomp-chim_SN15_SOL-L-B29-Map1_reversed	12709	20140	13	1	9	1	86.88	9.44	74.89	78.30	88.60	92.27	100.00	2237.78	4056.56	23	329.00	574.00	1887.00	12709	17.61	31.92	0.18	2.59	4.52	14.85	100.00
DTX-incomp-chim_SN15_SOL-L-B32-Map1_reversed	11358	13079	7	1	7	1	85.57	9.62	69.20	81.40	84.60	91.40	100.00	1868.43	4194.13	60	112.00	262.00	897.00	11358	16.45	36.93	0.53	0.99	2.31	7.90	100.00
DTX-incomp-chim_SN15_SOL-L-B59-Map1	8607	7422	7	0	7	0	85.97	16.71	61.00	68.50	95.00	100.00	100.00	1060.29	1069.86	52	106.00	675.00	1807.00	2913	12.32	12.43	0.60	1.23	7.84	20.99	33.84
DTX-incomp-chim_SN15_SOL-L-B71-Map1_reversed	7006	11873	10	1	8	1	87.20	8.44	69.70	85.40	88.93	89.80	100.00	1490.88	2324.46	155	279.00	424.50	1775.00	7006	21.28	33.18	2.21	3.98	6.06	25.34	100.00
DTX-incomp-chim_SN15_SOL-L-B84-Map1_reversed	4160	4369	7	0	7	0	79.53	11.10	61.30	73.30	83.50	84.20	96.20	624.14	1339.91	21	35.00	131.00	231.00	3658	15.00	32.21	0.50	0.84	3.15	5.55	87.93
DTX-incomp-chim_SN15_SOL-L-B89-Map1_reversed	1296	118	1	0	1	0	88.30	0.00	88.30	88.30	88.30	88.30	88.30	118.00	0.00	118	118.00	118.00	118.00	118	9.10	0.00	9.10	9.10	9.10	9.10	9.10
DTX-incomp-chim_SN2000-L-B14-Map1	14756	15522	9	0	7	0	82.64	12.29	69.50	70.20	84.10	93.90	96.48	2220.86	3828.10	106	114.00	556.00	2790.00	10638	15.05	25.94	0.72	0.77	3.77	18.91	72.09
DTX-incomp-chim_SN2000-L-B16-Map1	13080	5531	10	0	8	0	80.73	7.24	70.90	74.20	82.76	88.50	90.20	691.62	762.91	52	292.00	365.00	1504.00	2239	5.29	5.83	0.40	2.23	2.79	11.50	17.12
DTX-incomp-chim_SN2000-L-B46-Map1_reversed	8491	7930	11	0	8	0	82.16	12.00	63.90	75.50	86.02	91.40	97.17	994.75	1805.61	21	28.00	110.00	1557.00	5247	11.72	21.26	0.25	0.33	1.30	18.34	61.79
DTX-incomp-chim_SN2000-L-B5-Map1_reversed	19940	12784	12	0	11	0	82.57	6.59	72.60	76.20	82.50	88.90	92.24	1165.00	1968.91	60	145.00	389.00	403.00	5430	5.84	9.87	0.30	0.73	1.95	2.02	27.23
DTX-incomp-chim_SN2000-L-B6-Map1_reversed	18517	24516	4	1	4	1	75.22	7.94	68.10	69.20	74.10	84.60	84.60	6129.00	8560.53	141	891.00	2897.00	18581.00	18581	33.10	46.23	0.76	4.81	15.65	100.35	100.35
DTX-incomp-chim_SN4-L-B11-Map1	19120	59690	13	2	8	2	79.06	7.41	69.50	75.10	80.23	85.13	91.30	7466.38	7580.19	172	2470.00	3721.50	18478.00	18946	39.05	39.65	0.90	12.92	19.46	96.64	99.09
DTX-incomp-chim_SN4-L-B12-Map1_reversed	18372	24262	10	0	9	0	84.40	5.94	73.60	79.60	86.20	89.60	90.00	2700.33	5304.87	56	174.00	256.00	3112.00	16432	14.70	28.87	0.30	0.95	1.39	16.94	89.44
DTX-incomp-chim_SN4-L-B15-Map1	17513	147	1	0	1	0	75.80	0.00	75.80	75.80	75.80	75.80	75.80	147.00	0.00	147	147.00	147.00	147.00	147	0.84	0.00	0.84	0.84	0.84	0.84	0.84
DTX-incomp-chim_SN4-L-B3-Map2	6329	263	5	0	5	0	82.80	9.65	74.30	76.50	76.80	91.20	95.20	52.60	31.36	22	33.00	35.00	85.00	88	0.83	0.50	0.35	0.52	0.55	1.34	1.39
DTX-incomp-chim_SN4-L-B32-Map1_reversed	13360	19904	11	0	6	0	81.92	8.50	67.94	77.40	82.82	88.80	91.71	3319.00	4629.97	91	116.00	1385.50	4936.00	12000	24.84	34.66	0.68	0.87	10.37	36.95	89.82
DTX-incomp-chim_SN4-L-B43-Map1_reversed	10728	9627	4	0	4	0	76.72	4.98	70.80	74.50	77.25	81.60	81.60	2406.75	3589.42	252	286.00	819.50	7736.00	7736	22.43	33.46	2.35	2.67	7.64	72.11	72.11
DTX-incomp-chim_SN4-L-B5-Map1_reversed	21753	7412	6	0	5	0	82.32	12.40	68.70	68.80	90.60	91.20	92.30	1482.40	1260.06	56	335.00	1907.00	2052.00	3062	6.81	5.79	0.26	1.54	8.77	9.43	14.08
DTX-incomp-chim_SN4-L-B74-Map1_reversed	7525	7378	3	0	3	0	88.20	10.67	76.30	76.30	91.40	96.90	96.90	2459.33	2788.72	23	23.00	1854.00	5501.00	5501	32.68	37.06	0.31	0.31	24.64	73.10	73.10
DTX-incomp-chim_SN4-L-B79-Map1	6701	8214	12	0	12	0	77.41	10.88	64.10	70.20	73.30	90.20	93.30	684.50	1090.53	22	122.00	266.50	698.00	3706	10.21	16.27	0.33	1.82	3.98	10.42	55.31
DTX-incomp-chim_SN4-L-B84-Map1	6313	523	1	0	1	0	91.60	0.00	91.60	91.60	91.60	91.60	91.60	523.00	0.00	523	523.00	523.00	523.00	523	8.28	0.00	8.28	8.28	8.28	8.28	8.28
DTX-incomp-chim_SN4-L-B9-Map1	20668	9898	10	0	6	0	83.28	2.94	80.80	80.96	82.00	86.30	87.65	1655.67	1607.73	88	240.00	1277.50	3403.00	3648	8.01	7.78	0.43	1.16	6.18	16.47	17.65
DTX-incomp-chim_SN4-L-B96-Map1	2048	157	1	0	1	0	78.40	0.00	78.40	78.40	78.40	78.40	78.40	157.00	0.00	157	157.00	157.00	157.00	157	7.67	0.00	7.67	7.67	7.67	7.67	7.67
DTX-incomp-chim_SN4_RS_3	17248	27025	10	0	10	0	84.10	11.45	68.80	69.60	87.30	93.50	95.40	3310.90	3774.52	72	137.00	1300.00	6084.00	9139	19.20	21.88	0.42	0.79	7.54	35.27	52.99
DTX-incomp-chim_SN79_1087-L-B11-Map1_reversed	10511	10525	8	0	6	0	72.73	9.20	59.20	69.00	71.20	80.90	84.87	1755.33	2819.95	25	62.00	201.00	3056.00	6987	16.70	26.83	0.24	0.59	1.91	29.07	66.47
DTX-incomp-chim_SN79_1087-L-B16-Map1_reversed	8962	1520	3	0	2	0	73.92	16.99	61.90	61.90	73.92	85.93	85.93	760.00	702.86	263	263.00	760.00	1257.00	1257	8.48	7.84	2.93	2.93	8.48	14.03	14.03
DTX-incomp-chim_SN79_1087-L-B17-Map1_reversed	8428	5765	10	0	9	0	80.87	8.36	69.70	75.50	76.60	90.20	90.90	640.56	862.75	77	153.00	183.00	565.00	2148	7.60	10.24	0.91	1.82	2.17	6.70	25.49
DTX-incomp-chim_SN79_1087-L-B2-Map1	18154	15795	29	0	19	0	78.68	12.69	58.70	64.80	77.00	92.10	97.00	875.58	1556.01	26	122.00	241.00	881.00	6202	4.82	8.57	0.14	0.67	1.33	4.85	34.16
DTX-incomp-chim_SN79_1087-L-B26-Map1	7013	116	1	0	1	0	90.20	0.00	90.20	90.20	90.20	90.20	90.20	116.00	0.00	116	116.00	116.00	116.00	116	1.65	0.00	1.65	1.65	1.65	1.65	1.65
DTX-incomp-chim_SN79_1087-L-B3-Map1	17004	2420	5	0	3	0	82.67	14.40	66.30	66.30	88.31	93.40	93.40	807.33	927.46	65	65.00	510.00	1847.00	1847	4.75	5.45	0.38	0.38	3.00	10.86	10.86
DTX-incomp-chim_SN79_1087-L-B31-Map1	2621	617	5	0	4	0	73.80	8.20	65.10	72.60	72.60	84.90	84.90	154.75	57.16	85	154.00	154.50	225.00	225	5.90	2.18	3.24	5.88	5.89	8.58	8.58
DTX-incomp-chim_SN79_1087-L-B4-Map1_reversed	16288	7852	12	0	10	0	82.84	8.63	61.90	81.41	86.65	88.60	89.20	786.50	838.40	105	198.00	370.00	1353.00	2623	4.83	5.15	0.64	1.22	2.27	8.31	16.10
DTX-incomp-chim_SN79_1087-L-B5-Map1_reversed	16003	10446	6	0	6	0	75.83	7.04	65.00	71.30	76.65	82.70	82.70	1741.00	3757.47	25	71.00	227.00	493.00	9403	10.88	23.48	0.16	0.44	1.42	3.08	58.76
DTX-incomp-chim_SN79_1087-L-B6-Map1	15817	46	2	0	2	0	75.85	29.06	55.30	55.30	75.85	96.40	96.40	23.00	0.00	23	23.00	23.00	23.00	23	0.15	0.00	0.15	0.15	0.15	0.15	0.15
DTX-incomp-chim_SN79_1087-L-B9-Map1	12092	3641	4	0	3	0	78.32	8.88	68.10	68.10	82.76	84.10	84.10	1214.33	1031.92	23	23.00	1790.00	1830.00	1830	10.04	8.53	0.19	0.19	14.80	15.13	15.13
DTX-incomp_CS10-B-G184-Map6	18599	53	1	0	1	0	62.20	0.00	62.20	62.20	62.20	62.20	62.20	53.00	0.00	53	53.00	53.00	53.00	53	0.28	0.00	0.28	0.28	0.28	0.28	0.28
DTX-incomp_CS10-B-G64-Map16	1874	722	1	0	1	0	77.60	0.00	77.60	77.60	77.60	77.60	77.60	722.00	0.00	722	722.00	722.00	722.00	722	38.53	0.00	38.53	38.53	38.53	38.53	38.53
DTX-incomp_CS10-B-G82-Map20	3431	53	1	0	1	0	62.20	0.00	62.20	62.20	62.20	62.20	62.20	53.00	0.00	53	53.00	53.00	53.00	53	1.54	0.00	1.54	1.54	1.54	1.54	1.54
DTX-incomp_CS10-B-R130-Map4_reversed	6967	166	1	0	1	0	85.10	0.00	85.10	85.10	85.10	85.10	85.10	166.00	0.00	166	166.00	166.00	166.00	166	2.38	0.00	2.38	2.38	2.38	2.38	2.38
DTX-incomp_CS10-B-R94-Map5_reversed	6561	4606	11	0	11	0	66.95	5.26	56.40	65.60	68.10	71.50	72.50	432.55	447.50	36	152.00	308.00	641.00	1619	6.59	6.82	0.55	2.32	4.69	9.77	24.68
DTX-incomp_CS10-L-B39-Map1	10679	3424	1	0	1	0	75.70	0.00	75.70	75.70	75.70	75.70	75.70	3424.00	0.00	3424	3424.00	3424.00	3424.00	3424	32.06	0.00	32.06	32.06	32.06	32.06	32.06
DTX-incomp_CS10_RS_62_reversed	1336	71	1	0	1	0	74.20	0.00	74.20	74.20	74.20	74.20	74.20	71.00	0.00	71	71.00	71.00	71.00	71	5.31	0.00	5.31	5.31	5.31	5.31	5.31
DTX-incomp_CS10_RS_70	919	22	1	0	1	0	69.10	0.00	69.10	69.10	69.10	69.10	69.10	22.00	0.00	22	22.00	22.00	22.00	22	2.39	0.00	2.39	2.39	2.39	2.39	2.39
DTX-incomp_Ptr_1CBFP-B-G111-Map10	3682	110	1	0	1	0	80.40	0.00	80.40	80.40	80.40	80.40	80.40	110.00	0.00	110	110.00	110.00	110.00	110	2.99	0.00	2.99	2.99	2.99	2.99	2.99
DTX-incomp_Ptr_1CBFP-B-G125-Map4	2848	68	1	0	1	0	92.70	0.00	92.70	92.70	92.70	92.70	92.70	68.00	0.00	68	68.00	68.00	68.00	68	2.39	0.00	2.39	2.39	2.39	2.39	2.39
DTX-incomp_Ptr_1CBFP-B-G159-Map3_reversed	6331	327	1	0	1	0	70.20	0.00	70.20	70.20	70.20	70.20	70.20	327.00	0.00	327	327.00	327.00	327.00	327	5.17	0.00	5.17	5.17	5.17	5.17	5.17
DTX-incomp_Ptr_1CBFP-B-G34-Map20	1930	72	1	0	1	0	79.70	0.00	79.70	79.70	79.70	79.70	79.70	72.00	0.00	72	72.00	72.00	72.00	72	3.73	0.00	3.73	3.73	3.73	3.73	3.73
DTX-incomp_Ptr_1CBFP-B-G9-Map20_reversed	2278	129	2	0	2	0	75.60	24.18	58.50	58.50	75.60	92.70	92.70	64.50	4.95	61	61.00	64.50	68.00	68	2.83	0.22	2.68	2.68	2.83	2.99	2.99
DTX-incomp_Ptr_1CBFP-B-R125-Map4	13516	2079	5	0	5	0	69.26	6.59	58.70	68.00	71.30	72.10	76.20	415.80	569.91	34	158.00	172.00	293.00	1422	3.08	4.22	0.25	1.17	1.27	2.17	10.52
DTX-incomp_Ptr_1CBFP-B-R126-Map3	2852	128	1	0	1	0	75.80	0.00	75.80	75.80	75.80	75.80	75.80	128.00	0.00	128	128.00	128.00	128.00	128	4.49	0.00	4.49	4.49	4.49	4.49	4.49
DTX-incomp_Ptr_1CBFP-B-R156-Map5	1786	346	2	0	2	0	67.45	1.34	66.50	66.50	67.45	68.40	68.40	173.00	21.21	158	158.00	173.00	188.00	188	9.69	1.19	8.85	8.85	9.69	10.53	10.53
DTX-incomp_Ptr_1CBFP-B-R246-Map6	4720	3745	11	0	9	0	65.03	4.25	59.68	61.40	65.70	69.60	70.10	416.11	350.28	40	207.00	267.00	558.00	1120	8.82	7.42	0.85	4.39	5.66	11.82	23.73
DTX-incomp_Ptr_1CBFP-B-R280-Map4_reversed	10199	579	1	0	1	0	57.00	0.00	57.00	57.00	57.00	57.00	57.00	579.00	0.00	579	579.00	579.00	579.00	579	5.68	0.00	5.68	5.68	5.68	5.68	5.68
DTX-incomp_Ptr_1CBFP-B-R282-Map3	1174	404	2	0	2	0	71.10	1.41	70.10	70.10	71.10	72.10	72.10	202.00	106.07	127	127.00	202.00	277.00	277	17.21	9.03	10.82	10.82	17.21	23.59	23.59
DTX-incomp_Ptr_1CBFP-B-R66-Map3_reversed	3326	860	1	0	1	0	73.30	0.00	73.30	73.30	73.30	73.30	73.30	860.00	0.00	860	860.00	860.00	860.00	860	25.86	0.00	25.86	25.86	25.86	25.86	25.86
DTX-incomp_Ptr_1CBFP-L-B40-Map1_reversed	23601	1044	3	0	3	0	62.90	6.65	57.00	57.00	61.60	70.10	70.10	348.00	200.23	224	224.00	241.00	579.00	579	1.47	0.85	0.95	0.95	1.02	2.45	2.45
DTX-incomp_Ptr_1CBFP-L-B57-Map1	12350	219	2	0	2	0	78.65	1.06	77.90	77.90	78.65	79.40	79.40	109.50	109.60	32	32.00	109.50	187.00	187	0.89	0.89	0.26	0.26	0.89	1.51	1.51
DTX-incomp_Ptr_1CBFP-L-B71-Map1_reversed	8381	4177	10	0	9	0	67.50	10.34	55.60	58.40	67.20	72.80	86.60	464.11	358.43	111	173.00	377.00	781.00	1015	5.54	4.28	1.32	2.06	4.50	9.32	12.11
DTX-incomp_Ptr_1CBFP-L-B73-Map1_reversed	8179	736	1	0	1	0	70.00	0.00	70.00	70.00	70.00	70.00	70.00	736.00	0.00	736	736.00	736.00	736.00	736	9.00	0.00	9.00	9.00	9.00	9.00	9.00
DTX-incomp_Ptr_1CBFP_RS_28	5019	90	2	0	2	0	80.00	0.00	80.00	80.00	80.00	80.00	80.00	90.00	0.00	90	90.00	90.00	90.00	90	1.79	0.00	1.79	1.79	1.79	1.79	1.79
DTX-incomp_Ptr_1CBFP_RS_59	2113	971	3	0	2	0	77.60	21.35	62.50	62.50	77.60	92.70	92.70	485.50	590.43	68	68.00	485.50	903.00	903	22.98	27.94	3.22	3.22	22.98	42.74	42.74
DTX-incomp_Ptr_1CBFP_RS_71_reversed	1905	41	1	0	1	0	84.80	0.00	84.80	84.80	84.80	84.80	84.80	41.00	0.00	41	41.00	41.00	41.00	41	2.15	0.00	2.15	2.15	2.15	2.15	2.15
DTX-incomp_SN15_SOL-B-G100-Map9	6414	7196	4	1	4	1	89.00	6.74	79.50	89.10	90.90	94.70	94.70	1799.00	3049.62	28	298.00	402.00	6364.00	6364	28.05	47.55	0.44	4.65	6.27	99.22	99.22
DTX-incomp_SN15_SOL-B-G121-Map4	6551	6550	1	1	1	1	95.80	0.00	95.80	95.80	95.80	95.80	95.80	6550.00	0.00	6550	6550.00	6550.00	6550.00	6550	99.98	0.00	99.98	99.98	99.98	99.98	99.98
DTX-incomp_SN15_SOL-B-G14-Map20	1931	185	1	0	1	0	91.00	0.00	91.00	91.00	91.00	91.00	91.00	185.00	0.00	185	185.00	185.00	185.00	185	9.58	0.00	9.58	9.58	9.58	9.58	9.58
DTX-incomp_SN15_SOL-B-G16-Map20	1949	1096	4	0	4	0	88.50	4.95	82.00	88.20	89.05	93.90	93.90	274.00	185.47	89	154.00	258.50	490.00	490	14.06	9.52	4.57	7.90	13.26	25.14	25.14
DTX-incomp_SN15_SOL-B-G28-Map20_reversed	2284	8094	6	1	6	1	93.23	2.14	90.20	91.60	93.45	94.50	96.20	1349.00	956.51	35	240.00	1828.00	1875.00	2288	59.06	41.88	1.53	10.51	80.04	82.09	100.18
DTX-incomp_SN15_SOL-B-G39-Map6	1849	1326	4	0	4	0	94.42	0.48	93.80	94.30	94.55	94.80	94.80	331.50	198.00	81	273.00	358.00	529.00	529	17.93	10.71	4.38	14.76	19.36	28.61	28.61
DTX-incomp_SN15_SOL-B-R116-Map6	15222	36996	14	2	13	2	81.74	11.08	62.10	77.80	82.30	84.20	99.80	2845.85	5545.20	43	97.00	454.00	1048.00	15222	18.70	36.43	0.28	0.64	2.98	6.88	100.00
DTX-incomp_SN2000-B-G2-Map20	8381	231	4	0	4	0	88.45	11.80	71.80	88.40	92.25	97.50	97.50	57.75	25.29	35	43.00	52.00	92.00	92	0.69	0.30	0.42	0.51	0.62	1.10	1.10
DTX-incomp_SN2000-B-G41-Map15_reversed	2081	35	1	0	1	0	95.20	0.00	95.20	95.20	95.20	95.20	95.20	35.00	0.00	35	35.00	35.00	35.00	35	1.68	0.00	1.68	1.68	1.68	1.68	1.68
DTX-incomp_SN2000-B-R28-Map15	1216	738	2	0	2	0	95.85	5.87	91.70	91.70	95.85	100.00	100.00	369.00	469.52	37	37.00	369.00	701.00	701	30.35	38.61	3.04	3.04	30.35	57.65	57.65
DTX-incomp_SN2000-B-R67-Map3	1039	506	1	0	1	0	86.90	0.00	86.90	86.90	86.90	86.90	86.90	506.00	0.00	506	506.00	506.00	506.00	506	48.70	0.00	48.70	48.70	48.70	48.70	48.70
DTX-incomp_SN4-B-G137-Map4	6309	121	1	0	1	0	90.10	0.00	90.10	90.10	90.10	90.10	90.10	121.00	0.00	121	121.00	121.00	121.00	121	1.92	0.00	1.92	1.92	1.92	1.92	1.92
DTX-incomp_SN4-B-G139-Map6_reversed	6626	6720	3	0	3	0	95.40	1.41	94.10	94.10	95.20	96.90	96.90	2240.00	2444.85	95	95.00	1723.00	4902.00	4902	33.81	36.90	1.43	1.43	26.00	73.98	73.98
DTX-incomp_SN4-B-G38-Map20_reversed	1893	153	2	0	2	0	91.65	5.02	88.10	88.10	91.65	95.20	95.20	76.50	58.69	35	35.00	76.50	118.00	118	4.04	3.10	1.85	1.85	4.04	6.23	6.23
DTX-incomp_SN4-B-R44-Map4	2123	2340	2	1	2	1	87.80	3.54	85.30	85.30	87.80	90.30	90.30	1170.00	1262.89	277	277.00	1170.00	2063.00	2063	55.11	59.49	13.05	13.05	55.11	97.17	97.17
DTX-incomp_SN4-L-B20-Map1	16331	26308	7	0	7	0	79.61	12.96	56.20	72.50	84.80	90.60	92.00	3758.29	5884.54	23	40.00	847.00	9043.00	14919	23.01	36.03	0.14	0.24	5.19	55.37	91.35
DTX-incomp_SN4-L-B26-Map1	14776	13744	5	0	4	0	79.63	9.81	69.20	75.50	78.55	92.23	92.23	3436.00	1846.44	1676	2922.00	3016.00	6036.00	6036	23.25	12.50	11.34	19.78	20.41	40.85	40.85
DTX-incomp_SN4_RS_17_reversed	6842	3982	5	0	5	0	69.00	8.53	60.00	62.70	69.40	71.00	81.90	796.40	1044.51	144	218.00	442.00	535.00	2643	11.64	15.27	2.10	3.19	6.46	7.82	38.63
DTX-incomp_SN4_RS_31	1862	288	1	0	1	0	73.40	0.00	73.40	73.40	73.40	73.40	73.40	288.00	0.00	288	288.00	288.00	288.00	288	15.47	0.00	15.47	15.47	15.47	15.47	15.47
DTX-incomp_SN79_1087-B-G3-Map19	1954	249	1	0	1	0	63.50	0.00	63.50	63.50	63.50	63.50	63.50	249.00	0.00	249	249.00	249.00	249.00	249	12.74	0.00	12.74	12.74	12.74	12.74	12.74
DTX-incomp_SN79_1087-B-G32-Map20	2503	299	2	0	2	0	75.95	22.27	60.20	60.20	75.95	91.70	91.70	149.50	161.93	35	35.00	149.50	264.00	264	5.97	6.47	1.40	1.40	5.97	10.55	10.55
DXX-MITE_CS10_RS_128	164	389	4	0	4	0	83.20	0.70	82.30	83.20	83.25	84.00	84.00	97.25	2.63	95	96.00	96.50	101.00	101	59.30	1.60	57.93	58.54	58.84	61.59	61.59
DXX-MITE_Ptr_1CBFP-B-G263-Map3	421	276	1	0	1	0	61.00	0.00	61.00	61.00	61.00	61.00	61.00	276.00	0.00	276	276.00	276.00	276.00	276	65.56	0.00	65.56	65.56	65.56	65.56	65.56
DXX-MITE_Ptr_1CBFP_RS_243	197	217	1	0	1	0	69.40	0.00	69.40	69.40	69.40	69.40	69.40	217.00	0.00	217	217.00	217.00	217.00	217	110.15	0.00	110.15	110.15	110.15	110.15	110.15
DXX-MITE_Ptr_1CBFP_RS_287	161	152	1	0	1	0	74.50	0.00	74.50	74.50	74.50	74.50	74.50	152.00	0.00	152	152.00	152.00	152.00	152	94.41	0.00	94.41	94.41	94.41	94.41	94.41
DXX-MITE_SN15_SOL_RS_52	385	2643	11	4	9	5	88.92	10.18	74.85	78.60	88.20	99.20	99.50	293.67	125.13	43	266.00	369.00	385.00	385	76.28	32.50	11.17	69.09	95.84	100.00	100.00
DXX-MITE_SN2000-B-G47-Map3	1053	523	3	0	3	0	84.77	12.22	75.90	75.90	79.70	98.70	98.70	174.33	245.04	22	22.00	44.00	457.00	457	16.56	23.27	2.09	2.09	4.18	43.40	43.40
DXX-MITE_SN4-B-R42-Map6	1058	1057	1	1	1	1	98.50	0.00	98.50	98.50	98.50	98.50	98.50	1057.00	0.00	1057	1057.00	1057.00	1057.00	1057	99.91	0.00	99.91	99.91	99.91	99.91	99.91
DXX-MITE_SN4_RS_41	1056	1347	3	1	3	1	83.17	3.95	79.30	79.30	83.00	87.20	87.20	449.00	541.89	79	79.00	197.00	1071.00	1071	42.52	51.32	7.48	7.48	18.66	101.42	101.42
DXX-MITE_SN4_RS_50	312	1722	7	3	7	3	82.76	10.79	72.10	72.20	79.70	95.20	96.50	246.00	76.40	111	202.00	263.00	312.00	313	78.85	24.49	35.58	64.74	84.29	100.00	100.32
DXX-MITE_SN4_RS_52	294	3556	12	12	12	12	93.58	4.44	84.00	91.50	95.40	96.90	97.30	296.33	5.76	292	293.00	293.50	304.00	308	100.79	1.96	99.32	99.66	99.83	103.40	104.76
DXX-MITE_SN4_RS_54	262	1268	5	4	5	4	89.46	14.27	72.90	74.80	99.60	100.00	100.00	253.60	15.65	226	256.00	262.00	262.00	262	96.79	5.97	86.26	97.71	100.00	100.00	100.00
DXX-MITE_SN4_RS_67	128	128	1	1	1	1	87.60	0.00	87.60	87.60	87.60	87.60	87.60	128.00	0.00	128	128.00	128.00	128.00	128	100.00	0.00	100.00	100.00	100.00	100.00	100.00
DXX-MITE_SN79_1087-B-G16-Map13	1710	867	4	0	4	0	84.60	14.63	62.70	91.10	91.25	93.20	93.20	216.75	270.50	40	102.00	103.50	620.00	620	12.68	15.82	2.34	5.96	6.05	36.26	36.26
DXX-MITE_SN79_1087-B-G9-Map20	2071	308	1	0	1	0	73.40	0.00	73.40	73.40	73.40	73.40	73.40	308.00	0.00	308	308.00	308.00	308.00	308	14.87	0.00	14.87	14.87	14.87	14.87	14.87
DXX-MITE_SN79_1087_RS_42	294	3037	12	5	12	5	91.28	4.70	80.40	88.70	94.05	94.50	95.20	253.08	71.69	90	273.00	273.00	294.00	294	86.08	24.38	30.61	92.86	92.86	100.00	100.00
DXX-MITE_SN79_1087_RS_48	217	29648	150	80	150	80	77.21	3.67	66.10	74.90	77.10	79.50	85.20	197.65	27.68	109	185.00	211.00	216.00	237	91.08	12.76	50.23	85.25	97.24	99.54	109.22
DXX-MITE_SN79_1087_RS_54	177	2209	13	9	13	9	86.06	3.89	78.40	84.80	85.20	88.30	92.70	169.92	12.63	132	167.00	174.00	176.00	181	96.00	7.14	74.58	94.35	98.31	99.44	102.26
DXX_SN2000-B-R1-Map12	17798	107702	16	2	15	2	90.65	6.00	75.30	91.80	93.00	93.30	94.20	7180.73	6164.11	26	209.00	8746.00	11124.00	17169	40.35	34.63	0.15	1.17	49.14	62.50	96.47
DXX_SN4-L-B8-Map1	20773	36047	13	0	12	0	80.07	9.56	68.70	70.40	80.56	90.20	91.50	3003.92	3573.94	102	897.00	1530.50	5226.00	12715	14.46	17.20	0.49	4.32	7.37	25.16	61.21
noCat_SN15_SOL-B-G32-Map20	2290	1841	1	0	1	0	92.90	0.00	92.90	92.90	92.90	92.90	92.90	1841.00	0.00	1841	1841.00	1841.00	1841.00	1841	80.39	0.00	80.39	80.39	80.39	80.39	80.39
noCat_SN15_SOL-B-G7-Map13	2313	83	1	0	1	0	93.30	0.00	93.30	93.30	93.30	93.30	93.30	83.00	0.00	83	83.00	83.00	83.00	83	3.59	0.00	3.59	3.59	3.59	3.59	3.59
noCat_SN15_SOL-B-G80-Map12	2095	25230	37	3	34	3	97.80	3.02	84.00	97.30	98.70	99.60	100.00	743.38	546.36	24	399.00	717.00	751.00	2091	35.48	26.08	1.15	19.05	34.22	35.85	99.81
noCat_SN2000-B-G82-Map20	3099	1305	2	0	2	0	82.05	15.77	70.90	70.90	82.05	93.20	93.20	652.50	808.22	81	81.00	652.50	1224.00	1224	21.06	26.08	2.61	2.61	21.06	39.50	39.50
noCat_SN4-B-G10-Map20	3747	3838	4	0	4	0	92.80	1.32	90.90	93.00	93.20	93.90	93.90	959.50	561.24	118	1225.00	1228.50	1263.00	1263	25.61	14.98	3.15	32.69	32.79	33.71	33.71
noCat_SN4-B-G21-Map20	2387	456	2	0	1	0	91.32	0.00	91.32	91.32	91.32	91.32	91.32	473.00	0.00	473	473.00	473.00	473.00	473	19.82	0.00	19.82	19.82	19.82	19.82	19.82
noCat_SN4-B-G30-Map20	1745	269	2	0	2	0	91.20	6.22	86.80	86.80	91.20	95.60	95.60	134.50	157.68	23	23.00	134.50	246.00	246	7.71	9.04	1.32	1.32	7.71	14.10	14.10
noCat_SN4-B-G37-Map20	2584	619	1	0	1	0	83.80	0.00	83.80	83.80	83.80	83.80	83.80	619.00	0.00	619	619.00	619.00	619.00	619	23.96	0.00	23.96	23.96	23.96	23.96	23.96
noCat_SN4-B-G41-Map20	2541	448	1	0	1	0	89.70	0.00	89.70	89.70	89.70	89.70	89.70	448.00	0.00	448	448.00	448.00	448.00	448	17.63	0.00	17.63	17.63	17.63	17.63	17.63
noCat_SN4-B-G61-Map20	2936	2924	1	1	1	1	94.50	0.00	94.50	94.50	94.50	94.50	94.50	2924.00	0.00	2924	2924.00	2924.00	2924.00	2924	99.59	0.00	99.59	99.59	99.59	99.59	99.59
noCat_SN4-B-G72-Map16	2762	84	1	0	1	0	94.20	0.00	94.20	94.20	94.20	94.20	94.20	84.00	0.00	84	84.00	84.00	84.00	84	3.04	0.00	3.04	3.04	3.04	3.04	3.04
noCat_SN79_1087-B-G10-Map20	1712	136	1	0	1	0	95.50	0.00	95.50	95.50	95.50	95.50	95.50	136.00	0.00	136	136.00	136.00	136.00	136	7.94	0.00	7.94	7.94	7.94	7.94	7.94
noCat_SN79_1087-B-G45-Map15	6588	10191	3	0	3	0	77.30	12.82	69.50	69.50	70.30	92.10	92.10	3397.00	2881.38	71	71.00	4985.00	5135.00	5135	51.56	43.74	1.08	1.08	75.67	77.94	77.94
noCat_SN79_1087-B-R26-Map13	9237	403	4	0	4	0	91.10	10.16	76.20	94.00	94.60	99.00	99.00	100.75	61.68	24	100.00	102.00	175.00	175	1.09	0.67	0.26	1.08	1.10	1.89	1.89
PotentialHostGene_CS10-B-R126-Map3	1891	122	2	0	2	0	59.80	1.84	58.50	58.50	59.80	61.10	61.10	61.00	29.70	40	40.00	61.00	82.00	82	3.23	1.57	2.12	2.12	3.23	4.34	4.34
PotentialHostGene_CS10-B-R149-Map3	1594	292	1	0	1	0	58.90	0.00	58.90	58.90	58.90	58.90	58.90	292.00	0.00	292	292.00	292.00	292.00	292	18.32	0.00	18.32	18.32	18.32	18.32	18.32
PotentialHostGene_CS10-B-R86-Map3	5391	119	1	0	1	0	74.80	0.00	74.80	74.80	74.80	74.80	74.80	119.00	0.00	119	119.00	119.00	119.00	119	2.21	0.00	2.21	2.21	2.21	2.21	2.21
PotentialHostGene_CS10-B-R87-Map12	8046	53	1	0	1	0	62.20	0.00	62.20	62.20	62.20	62.20	62.20	53.00	0.00	53	53.00	53.00	53.00	53	0.66	0.00	0.66	0.66	0.66	0.66	0.66
PotentialHostGene_CS10-L-B36-Map1	11369	5141	7	0	5	0	70.38	6.11	59.90	70.60	72.90	73.00	75.49	1028.20	1459.42	34	293.00	310.00	933.00	3571	9.04	12.84	0.30	2.58	2.73	8.21	31.41
PotentialHostGene_CS10_RS_22	5814	3823	6	0	5	0	65.52	6.11	58.70	60.30	65.90	69.40	73.30	764.60	598.68	246	316.00	558.00	1011.00	1692	13.15	10.30	4.23	5.44	9.60	17.39	29.10
PotentialHostGene_CS10_RS_64	1241	10884	24	0	23	0	66.98	3.98	57.10	66.00	68.20	68.90	73.50	473.22	229.43	63	284.00	605.00	652.00	715	38.13	18.49	5.08	22.88	48.75	52.54	57.61
PotentialHostGene_Ptr_1CBFP-B-G184-Map3	4708	1219	2	0	2	0	62.20	7.35	57.00	57.00	62.20	67.40	67.40	609.50	43.13	579	579.00	609.50	640.00	640	12.95	0.92	12.30	12.30	12.95	13.59	13.59
PotentialHostGene_Ptr_1CBFP-B-R116-Map5	2074	648	1	0	1	0	71.40	0.00	71.40	71.40	71.40	71.40	71.40	648.00	0.00	648	648.00	648.00	648.00	648	31.24	0.00	31.24	31.24	31.24	31.24	31.24
PotentialHostGene_Ptr_1CBFP-B-R209-Map4	1212	72	1	0	1	0	82.20	0.00	82.20	82.20	82.20	82.20	82.20	72.00	0.00	72	72.00	72.00	72.00	72	5.94	0.00	5.94	5.94	5.94	5.94	5.94
PotentialHostGene_Ptr_1CBFP-B-R249-Map3	4427	3706	2	0	2	0	78.80	8.77	72.60	72.60	78.80	85.00	85.00	1853.00	1462.30	819	819.00	1853.00	2887.00	2887	41.86	33.03	18.50	18.50	41.86	65.21	65.21
PotentialHostGene_Ptr_1CBFP-B-R69-Map4	2229	1105	3	0	3	0	59.83	0.21	59.60	59.60	59.90	60.00	60.00	368.33	39.83	334	334.00	359.00	412.00	412	16.52	1.79	14.98	14.98	16.11	18.48	18.48
PotentialHostGene_Ptr_1CBFP-L-B136-Map1	5109	1310	3	0	3	0	64.23	13.10	54.00	54.00	59.70	79.00	79.00	436.67	387.58	83	83.00	376.00	851.00	851	8.55	7.59	1.62	1.62	7.36	16.66	16.66
PotentialHostGene_Ptr_1CBFP-L-B144-Map1	4003	2209	4	0	4	0	60.15	4.91	54.00	59.90	60.30	66.00	66.00	552.25	364.49	279	279.00	440.50	1049.00	1049	13.80	9.11	6.97	6.97	11.00	26.21	26.21
PotentialHostGene_Ptr_1CBFP-L-B50-Map1	13455	7643	13	0	12	0	64.06	5.84	54.50	59.10	64.90	67.90	72.90	636.92	411.69	60	377.00	525.00	869.00	1394	4.73	3.06	0.45	2.80	3.90	6.46	10.36
PotentialHostGene_Ptr_1CBFP_RS_113	957	1347	8	0	8	0	62.54	5.75	57.10	58.00	61.45	69.00	73.10	168.38	150.67	51	53.00	78.50	377.00	389	17.59	15.74	5.33	5.54	8.20	39.39	40.65
PotentialHostGene_Ptr_1CBFP_RS_56	2196	5056	7	0	7	0	69.47	9.92	56.90	58.60	67.70	80.90	82.00	722.29	796.59	24	153.00	391.00	1705.00	2021	32.89	36.27	1.09	6.97	17.81	77.64	92.03
PotentialHostGene_SN15_SOL-B-R155-Map3	4466	7214	3	1	3	1	91.70	13.95	75.60	75.60	99.50	100.00	100.00	2404.67	2001.46	469	469.00	2279.00	4466.00	4466	53.84	44.82	10.50	10.50	51.03	100.00	100.00
PotentialHostGene_SN2000-B-R45-Map10	20072	1252	1	0	1	0	82.10	0.00	82.10	82.10	82.10	82.10	82.10	1252.00	0.00	1252	1252.00	1252.00	1252.00	1252	6.24	0.00	6.24	6.24	6.24	6.24	6.24
PotentialHostGene_SN2000-L-B17-Map1	11972	12693	4	0	4	0	76.53	17.53	58.00	69.80	74.30	99.50	99.50	3173.25	2815.53	86	1671.00	3142.00	6323.00	6323	26.51	23.52	0.72	13.96	26.24	52.81	52.81
PotentialHostGene_SN79_1087-B-G1-Map20	7451	181	2	0	2	0	95.35	0.92	94.70	94.70	95.35	96.00	96.00	90.50	64.35	45	45.00	90.50	136.00	136	1.21	0.86	0.60	0.60	1.21	1.83	1.83
PotentialHostGene_SN79_1087-B-R25-Map11	5632	1069	3	0	3	0	87.43	17.61	67.30	67.30	95.00	100.00	100.00	356.33	496.17	27	27.00	115.00	927.00	927	6.33	8.81	0.48	0.48	2.04	16.46	16.46
PotentialHostGene_SN79_1087-L-B30-Map1	2676	1866	1	0	1	0	87.10	0.00	87.10	87.10	87.10	87.10	87.10	1866.00	0.00	1866	1866.00	1866.00	1866.00	1866	69.73	0.00	69.73	69.73	69.73	69.73	69.73
RIX-comp-chim_CS10-L-B35-Map1_reversed	12164	67	1	0	1	0	79.60	0.00	79.60	79.60	79.60	79.60	79.60	67.00	0.00	67	67.00	67.00	67.00	67	0.55	0.00	0.55	0.55	0.55	0.55	0.55
RIX-comp_CS10-B-G182-Map4	11998	5971	1	0	1	0	73.80	0.00	73.80	73.80	73.80	73.80	73.80	5971.00	0.00	5971	5971.00	5971.00	5971.00	5971	49.77	0.00	49.77	49.77	49.77	49.77	49.77
RIX-comp_CS10-B-R206-Map3_reversed	7148	150	1	0	1	0	77.10	0.00	77.10	77.10	77.10	77.10	77.10	150.00	0.00	150	150.00	150.00	150.00	150	2.10	0.00	2.10	2.10	2.10	2.10	2.10
RIX-comp_Ptr_1CBFP-B-R9-Map20	5977	90	1	0	1	0	80.20	0.00	80.20	80.20	80.20	80.20	80.20	90.00	0.00	90	90.00	90.00	90.00	90	1.51	0.00	1.51	1.51	1.51	1.51	1.51
RIX-incomp-chim_SN4-B-G20-Map20	1452	61	1	0	1	0	93.60	0.00	93.60	93.60	93.60	93.60	93.60	61.00	0.00	61	61.00	61.00	61.00	61	4.20	0.00	4.20	4.20	4.20	4.20	4.20
RIX-incomp_CS10-B-R59-Map20	16441	1165	4	0	4	0	79.62	2.19	76.70	79.20	80.20	81.40	81.40	291.25	105.22	200	239.00	262.50	440.00	440	1.77	0.64	1.22	1.45	1.60	2.68	2.68
RIX-incomp_CS10_RS_2	16859	275	3	0	3	0	69.57	8.20	62.20	62.20	68.10	78.40	78.40	91.67	37.55	53	53.00	94.00	128.00	128	0.54	0.22	0.31	0.31	0.56	0.76	0.76
RLX-comp-chim_SN15_SOL-L-B11-Map1	19771	40491	5	1	4	1	81.50	13.63	68.80	74.29	78.59	100.00	100.00	10122.75	7030.61	2893	8860.00	8913.50	19771.00	19771	51.20	35.56	14.63	44.81	45.08	100.00	100.00
RLX-comp-chim_SN15_SOL-L-B20-Map1	15709	16495	3	1	3	1	84.43	13.58	75.00	75.00	78.30	100.00	100.00	5498.33	8844.74	203	203.00	583.00	15709.00	15709	35.00	56.30	1.29	1.29	3.71	100.00	100.00
RLX-comp-chim_SN15_SOL-L-B21-Map1_reversed	15418	30646	10	1	7	1	93.15	3.10	91.13	91.30	92.04	93.10	100.00	4382.43	5303.06	183	377.00	2707.00	5684.00	15418	28.42	34.40	1.19	2.45	17.56	36.87	100.00
RLX-comp-chim_SN15_SOL-L-B6-Map1_reversed	23289	113169	23	1	18	1	84.07	10.20	69.10	70.80	89.05	91.80	100.00	6287.17	6237.54	29	832.00	7538.00	8705.00	23289	27.00	26.78	0.12	3.57	32.37	37.38	100.00
RLX-comp-chim_SN15_SOL-L-B7-Map1_reversed	22624	93846	15	1	11	1	81.16	10.77	68.50	73.00	79.00	94.30	100.00	8531.45	8342.75	468	862.00	6897.00	17863.00	22624	37.71	36.88	2.07	3.81	30.49	78.96	100.00
RLX-comp-chim_SN15_SOL_RS_4_reversed	17181	92056	15	2	12	2	84.49	7.59	69.30	82.20	85.00	90.90	95.00	7671.33	6084.82	31	3544.00	5740.50	12873.00	17526	44.65	35.42	0.18	20.63	33.41	74.93	102.01
RLX-comp-chim_SN2000-L-B12-Map1_reversed	16695	6516	4	0	4	0	78.78	7.67	69.60	75.30	80.15	85.20	85.20	1629.00	1304.13	316	820.00	1512.00	3176.00	3176	9.76	7.81	1.89	4.91	9.06	19.02	19.02
RLX-comp-chim_SN2000-L-B23-Map1_reversed	10838	17623	11	0	8	0	91.42	7.28	75.44	90.94	91.87	97.40	99.60	2204.38	2185.25	217	717.00	1628.50	2936.00	6959	20.34	20.16	2.00	6.62	15.03	27.09	64.21
RLX-comp-chim_SN2000-L-B30-Map1	9112	518	2	0	2	0	84.05	8.56	78.00	78.00	84.05	90.10	90.10	259.00	195.16	121	121.00	259.00	397.00	397	2.84	2.14	1.33	1.33	2.84	4.36	4.36
RLX-comp-chim_SN2000_RS_4_reversed	15371	1508	1	0	1	0	68.70	0.00	68.70	68.70	68.70	68.70	68.70	1508.00	0.00	1508	1508.00	1508.00	1508.00	1508	9.81	0.00	9.81	9.81	9.81	9.81	9.81
RLX-comp-chim_SN4_RS_6	12849	52555	9	0	8	0	86.81	8.43	69.40	83.00	89.55	93.56	93.60	6569.38	4148.32	36	3785.00	7060.50	11322.00	11717	51.13	32.29	0.28	29.46	54.95	88.12	91.19
RLX-comp-chim_SN79_1087_RS_1	14325	5673	5	0	2	0	87.99	2.64	86.12	86.12	87.99	89.86	89.86	2840.50	579.12	2431	2431.00	2840.50	3250.00	3250	19.83	4.04	16.97	16.97	19.83	22.69	22.69
RLX-comp_CS10-L-B37-Map1_reversed	11017	108	1	0	1	0	71.70	0.00	71.70	71.70	71.70	71.70	71.70	108.00	0.00	108	108.00	108.00	108.00	108	0.98	0.00	0.98	0.98	0.98	0.98	0.98
RLX-comp_Ptr_1CBFP-B-G190-Map20	5431	147	2	0	2	0	74.00	1.70	72.80	72.80	74.00	75.20	75.20	73.50	65.76	27	27.00	73.50	120.00	120	1.35	1.21	0.50	0.50	1.35	2.21	2.21
RLX-comp_Ptr_1CBFP-L-B124-Map1_reversed	5401	207	1	0	1	0	83.50	0.00	83.50	83.50	83.50	83.50	83.50	207.00	0.00	207	207.00	207.00	207.00	207	3.83	0.00	3.83	3.83	3.83	3.83	3.83
RLX-comp_Ptr_1CBFP-L-B133-Map1_reversed	5192	28	1	0	1	0	55.60	0.00	55.60	55.60	55.60	55.60	55.60	28.00	0.00	28	28.00	28.00	28.00	28	0.54	0.00	0.54	0.54	0.54	0.54	0.54
RLX-comp_SN15_SOL-B-R34-Map14_reversed	5218	13686	8	0	8	0	94.20	2.15	90.60	94.40	94.95	95.40	96.70	1710.75	1745.64	69	241.00	1323.00	3124.00	4944	32.79	33.45	1.32	4.62	25.35	59.87	94.75
RLX-comp_SN15_SOL-L-B31-Map1	12341	12772	3	1	3	1	94.07	4.79	91.30	91.30	91.30	99.60	99.60	4314.67	7175.31	172	172.00	172.00	12600.00	12600	34.96	58.14	1.39	1.39	1.39	102.10	102.10
RLX-comp_SN15_SOL-L-B57-Map1_reversed	8683	9417	7	2	7	2	92.50	3.51	85.40	92.30	92.60	95.60	96.20	2610.86	4145.33	180	180.00	184.00	8679.00	8679	30.07	47.74	2.07	2.07	2.12	99.95	99.95
RLX-comp_SN15_SOL-L-B81-Map1	5239	6418	5	0	5	0	96.28	5.47	87.90	93.50	100.00	100.00	100.00	1283.60	1165.14	266	464.00	610.00	2297.00	2781	24.50	22.24	5.08	8.86	11.64	43.84	53.08
RLX-comp_SN15_SOL-L-B9-Map1_reversed	22122	25327	3	1	3	1	81.37	16.52	68.50	68.50	75.60	100.00	100.00	8442.33	11951.50	25	25.00	3180.00	22122.00	22122	38.16	54.03	0.11	0.11	14.37	100.00	100.00
RLX-comp_SN2000-L-B15-Map1	13542	18342	10	0	7	0	76.45	12.79	59.30	69.00	69.50	91.20	91.66	2625.43	1858.45	57	76.00	3548.00	4105.00	4314	19.39	13.72	0.42	0.56	26.20	30.31	31.86
RLX-comp_SN2000-L-B3-Map1	24496	15596	2	0	1	0	83.09	0.00	83.09	83.09	83.09	83.09	83.09	15608.00	0.00	15608	15608.00	15608.00	15608.00	15608	63.72	0.00	63.72	63.72	63.72	63.72	63.72
RLX-comp_SN2000-L-B7-Map1	18439	234	2	0	2	0	85.80	6.93	80.90	80.90	85.80	90.70	90.70	117.00	18.38	104	104.00	117.00	130.00	130	0.63	0.10	0.56	0.56	0.63	0.71	0.71
RLX-comp_SN4-B-R4-Map20_reversed	11334	10652	2	0	1	0	92.40	0.00	92.40	92.40	92.40	92.40	92.40	10681.00	0.00	10681	10681.00	10681.00	10681.00	10681	94.24	0.00	94.24	94.24	94.24	94.24	94.24
RLX-comp_SN4-L-B16-Map1	17412	6563	4	0	2	0	82.84	1.76	81.60	81.60	82.84	84.09	84.09	3281.50	4400.33	170	170.00	3281.50	6393.00	6393	18.85	25.27	0.98	0.98	18.85	36.72	36.72
RLX-comp_SN4-L-B34-Map1	12944	577	1	0	1	0	74.30	0.00	74.30	74.30	74.30	74.30	74.30	577.00	0.00	577	577.00	577.00	577.00	577	4.46	0.00	4.46	4.46	4.46	4.46	4.46
RLX-comp_SN4-L-B35-Map1_reversed	12525	109	1	0	1	0	85.60	0.00	85.60	85.60	85.60	85.60	85.60	109.00	0.00	109	109.00	109.00	109.00	109	0.87	0.00	0.87	0.87	0.87	0.87	0.87
RLX-comp_SN4-L-B64-Map1_reversed	8683	202	1	0	1	0	78.20	0.00	78.20	78.20	78.20	78.20	78.20	202.00	0.00	202	202.00	202.00	202.00	202	2.33	0.00	2.33	2.33	2.33	2.33	2.33
RLX-comp_SN79_1087-B-R77-Map3	7165	857	4	0	4	0	85.28	3.84	81.70	82.20	85.40	88.60	88.60	214.25	4.27	211	211.00	213.00	220.00	220	2.99	0.06	2.94	2.94	2.97	3.07	3.07
RLX-comp_SN79_1087-L-B24-Map1	7201	639	3	0	3	0	85.17	10.63	72.90	72.90	90.90	91.70	91.70	213.00	174.31	33	33.00	225.00	381.00	381	2.96	2.42	0.46	0.46	3.12	5.29	5.29
RLX-incomp-chim_CS10-B-G165-Map3_reversed	12148	67	1	0	1	0	80.00	0.00	80.00	80.00	80.00	80.00	80.00	67.00	0.00	67	67.00	67.00	67.00	67	0.55	0.00	0.55	0.55	0.55	0.55	0.55
RLX-incomp-chim_CS10-L-B32-Map1_reversed	13677	380	4	0	4	0	85.00	13.04	69.90	78.40	86.50	97.10	97.10	95.00	83.21	35	36.00	66.50	212.00	212	0.69	0.61	0.26	0.26	0.49	1.55	1.55
RLX-incomp-chim_Ptr_1CBFP-L-B132-Map1	5266	70	1	0	1	0	80.30	0.00	80.30	80.30	80.30	80.30	80.30	70.00	0.00	70	70.00	70.00	70.00	70	1.33	0.00	1.33	1.33	1.33	1.33	1.33
RLX-incomp-chim_Ptr_1CBFP-L-B46-Map1_reversed	18426	8091	12	0	10	0	75.71	11.08	64.20	68.60	73.40	74.95	96.90	809.10	1270.05	29	52.00	305.50	961.00	4095	4.39	6.89	0.16	0.28	1.66	5.22	22.22
RLX-incomp-chim_Ptr_1CBFP_RS_8	10408	369	1	0	1	0	77.90	0.00	77.90	77.90	77.90	77.90	77.90	369.00	0.00	369	369.00	369.00	369.00	369	3.55	0.00	3.55	3.55	3.55	3.55	3.55
RLX-incomp-chim_SN15_SOL-B-G136-Map3	11100	788	1	0	1	0	87.20	0.00	87.20	87.20	87.20	87.20	87.20	788.00	0.00	788	788.00	788.00	788.00	788	7.10	0.00	7.10	7.10	7.10	7.10	7.10
RLX-incomp-chim_SN15_SOL-L-B12-Map1_reversed	18467	18467	1	1	1	1	100.00	0.00	100.00	100.00	100.00	100.00	100.00	18467.00	0.00	18467	18467.00	18467.00	18467.00	18467	100.00	0.00	100.00	100.00	100.00	100.00	100.00
RLX-incomp-chim_SN15_SOL-L-B24-Map1	14221	45521	12	1	6	1	85.41	11.14	72.00	73.20	87.81	91.60	100.00	7587.17	4706.68	25	5752.00	7729.00	10067.00	14221	53.35	33.10	0.18	40.45	54.35	70.79	100.00
RLX-incomp-chim_SN15_SOL-L-B26-Map1	13771	5386	5	0	5	0	94.36	5.81	87.40	88.90	96.70	98.90	99.90	1077.20	1222.33	181	232.00	244.00	1890.00	2839	7.82	8.88	1.31	1.68	1.77	13.72	20.62
RLX-incomp-chim_SN15_SOL-L-B34-Map1_reversed	10191	6098	4	0	3	0	89.77	9.22	82.10	82.10	87.20	100.00	100.00	2032.67	2362.52	173	173.00	1234.00	4691.00	4691	19.95	23.18	1.70	1.70	12.11	46.03	46.03
RLX-incomp-chim_SN15_SOL-L-B35-Map1	9790	14085	7	1	7	1	83.99	9.98	73.30	73.80	85.20	90.90	100.00	2012.14	3552.88	108	192.00	355.00	2762.00	9790	20.55	36.29	1.10	1.96	3.63	28.21	100.00
RLX-incomp-chim_SN15_SOL-L-B77-Map1	6337	2327	4	0	4	0	93.62	9.29	80.30	94.20	97.10	100.00	100.00	581.75	496.38	187	217.00	447.00	1246.00	1246	9.18	7.83	2.95	3.42	7.05	19.66	19.66
RLX-incomp-chim_SN15_SOL-L-B8-Map1_reversed	22211	36795	3	1	2	1	85.05	21.14	70.10	70.10	85.05	100.00	100.00	18397.50	5393.10	14584	14584.00	18397.50	22211.00	22211	82.83	24.28	65.66	65.66	82.83	100.00	100.00
RLX-incomp-chim_SN2000-L-B26-Map1_reversed	9961	1082	1	0	1	0	93.30	0.00	93.30	93.30	93.30	93.30	93.30	1082.00	0.00	1082	1082.00	1082.00	1082.00	1082	10.86	0.00	10.86	10.86	10.86	10.86	10.86
RLX-incomp-chim_SN2000-L-B27-Map1	9949	2103	1	0	1	0	91.50	0.00	91.50	91.50	91.50	91.50	91.50	2103.00	0.00	2103	2103.00	2103.00	2103.00	2103	21.14	0.00	21.14	21.14	21.14	21.14	21.14
RLX-incomp-chim_SN2000-L-B4-Map1	23182	23476	23	0	15	0	86.33	8.82	64.40	81.10	88.40	91.80	97.06	1570.80	2405.20	23	80.00	679.00	1863.00	7641	6.78	10.38	0.10	0.35	2.93	8.04	32.96
RLX-incomp-chim_SN2000-L-B9-Map1	17628	330	2	0	2	0	87.70	0.00	87.70	87.70	87.70	87.70	87.70	165.00	128.69	74	74.00	165.00	256.00	256	0.94	0.73	0.42	0.42	0.94	1.45	1.45
RLX-incomp-chim_SN2000_RS_5_reversed	14505	37043	6	1	5	1	82.54	9.08	69.40	80.10	81.30	88.89	93.00	7408.60	5950.99	1162	3392.00	4978.00	13633.00	13878	51.08	41.03	8.01	23.39	34.32	93.99	95.68
RLX-incomp-chim_SN2000_RS_8	9877	817	1	0	1	0	90.60	0.00	90.60	90.60	90.60	90.60	90.60	817.00	0.00	817	817.00	817.00	817.00	817	8.27	0.00	8.27	8.27	8.27	8.27	8.27
RLX-incomp-chim_SN4-B-R9-Map20	17632	118685	14	2	11	2	86.06	7.89	68.50	81.50	84.90	94.20	94.70	10789.55	6137.95	40	6690.00	14175.00	16438.00	17214	61.19	34.81	0.23	37.94	80.39	93.23	97.63
RLX-incomp-chim_SN4-L-B10-Map1_reversed	20068	30840	9	0	8	0	89.11	3.47	81.60	88.80	90.05	91.90	92.40	3855.00	3587.39	135	1730.00	2465.00	6161.00	10931	19.21	17.88	0.67	8.62	12.28	30.70	54.47
RLX-incomp-chim_SN4-L-B17-Map1	17089	42355	7	1	6	1	82.59	9.28	71.50	72.40	84.90	90.30	91.52	7059.17	7058.83	172	350.00	5364.50	14132.00	16972	41.31	41.31	1.01	2.05	31.39	82.70	99.32
RLX-incomp-chim_SN4-L-B24-Map1_reversed	14821	15887	3	1	3	1	81.37	10.15	69.90	69.90	85.00	89.20	89.20	5295.67	7771.15	397	397.00	1234.00	14256.00	14256	35.73	52.43	2.68	2.68	8.33	96.19	96.19
RLX-incomp-chim_SN4-L-B31-Map1	13416	26693	12	0	11	0	78.67	7.21	68.20	71.40	79.00	83.27	92.60	2450.36	4545.38	51	83.00	133.00	1810.00	11600	18.26	33.88	0.38	0.62	0.99	13.49	86.46
RLX-incomp-chim_SN4-L-B7-Map1	21254	11532	7	0	6	0	83.69	8.99	72.71	75.30	85.15	91.40	92.40	1922.00	2801.69	30	56.00	911.50	2264.00	7359	9.04	13.18	0.14	0.26	4.29	10.65	34.62
RLX-incomp-chim_SN4_RS_2	17584	23447	8	0	6	0	89.31	10.49	68.10	90.85	93.80	94.20	95.10	3907.83	3564.28	40	303.00	3999.50	5943.00	9162	22.22	20.27	0.23	1.72	22.75	33.80	52.10
RLX-incomp-chim_SN79_1087-L-B1-Map1	19424	5292	8	0	8	0	82.51	8.28	70.20	79.30	82.85	91.20	91.50	661.50	795.87	50	113.00	315.50	1599.00	2150	3.41	4.10	0.26	0.58	1.62	8.23	11.07
RLX-incomp-chim_SN79_1087-L-B12-Map1	9901	355	3	0	2	0	84.14	8.15	78.37	78.37	84.14	89.90	89.90	177.50	139.30	79	79.00	177.50	276.00	276	1.79	1.41	0.80	0.80	1.79	2.79	2.79
RLX-incomp-chim_SN79_1087-L-B13-Map1	9711	23	1	0	1	0	95.10	0.00	95.10	95.10	95.10	95.10	95.10	23.00	0.00	23	23.00	23.00	23.00	23	0.24	0.00	0.24	0.24	0.24	0.24	0.24
RLX-incomp-chim_SN79_1087-L-B27-Map1_reversed	6401	287	1	0	1	0	88.50	0.00	88.50	88.50	88.50	88.50	88.50	287.00	0.00	287	287.00	287.00	287.00	287	4.48	0.00	4.48	4.48	4.48	4.48	4.48
RLX-incomp-chim_SN79_1087-L-B7-Map1	14882	960	6	0	5	0	86.50	6.45	78.40	81.60	88.20	89.89	94.40	192.40	117.38	88	99.00	141.00	287.00	347	1.29	0.79	0.59	0.67	0.95	1.93	2.33
RLX-incomp_CS10-B-G8-Map20	12027	237	1	0	1	0	65.20	0.00	65.20	65.20	65.20	65.20	65.20	237.00	0.00	237	237.00	237.00	237.00	237	1.97	0.00	1.97	1.97	1.97	1.97	1.97
RLX-incomp_Ptr_1CBFP-B-G209-Map9	5251	2187	1	0	1	0	77.80	0.00	77.80	77.80	77.80	77.80	77.80	2187.00	0.00	2187	2187.00	2187.00	2187.00	2187	41.65	0.00	41.65	41.65	41.65	41.65	41.65
RLX-incomp_Ptr_1CBFP-B-G415-Map3_reversed	1394	447	1	0	1	0	76.40	0.00	76.40	76.40	76.40	76.40	76.40	447.00	0.00	447	447.00	447.00	447.00	447	32.07	0.00	32.07	32.07	32.07	32.07	32.07
RLX-incomp_Ptr_1CBFP-B-R192-Map13	6315	374	1	0	1	0	78.80	0.00	78.80	78.80	78.80	78.80	78.80	374.00	0.00	374	374.00	374.00	374.00	374	5.92	0.00	5.92	5.92	5.92	5.92	5.92
RLX-incomp_Ptr_1CBFP-L-B123-Map1	5403	327	1	0	1	0	79.60	0.00	79.60	79.60	79.60	79.60	79.60	327.00	0.00	327	327.00	327.00	327.00	327	6.05	0.00	6.05	6.05	6.05	6.05	6.05
RLX-incomp_Ptr_1CBFP-L-B157-Map1	2016	71	1	0	1	0	92.30	0.00	92.30	92.30	92.30	92.30	92.30	71.00	0.00	71	71.00	71.00	71.00	71	3.52	0.00	3.52	3.52	3.52	3.52	3.52
RLX-incomp_Ptr_1CBFP-L-B89-Map1	6574	2003	2	0	2	0	69.20	2.55	67.40	67.40	69.20	71.00	71.00	1001.50	17.68	989	989.00	1001.50	1014.00	1014	15.23	0.27	15.04	15.04	15.23	15.42	15.42
RLX-incomp_SN15_SOL-B-G85-Map12	4047	35	1	0	1	0	93.00	0.00	93.00	93.00	93.00	93.00	93.00	35.00	0.00	35	35.00	35.00	35.00	35	0.86	0.00	0.86	0.86	0.86	0.86	0.86
RLX-incomp_SN15_SOL-B-R50-Map20	7434	341	2	0	2	0	93.60	1.27	92.70	92.70	93.60	94.50	94.50	170.50	185.97	39	39.00	170.50	302.00	302	2.29	2.50	0.52	0.52	2.29	4.06	4.06
RLX-incomp_SN15_SOL-L-B14-Map1_reversed	17638	35712	2	2	2	2	94.00	8.49	88.00	88.00	94.00	100.00	100.00	17856.00	308.30	17638	17638.00	17856.00	18074.00	18074	101.24	1.75	100.00	100.00	101.24	102.47	102.47
RLX-incomp_SN15_SOL-L-B23-Map1	14250	14250	1	1	1	1	100.00	0.00	100.00	100.00	100.00	100.00	100.00	14250.00	0.00	14250	14250.00	14250.00	14250.00	14250	100.00	0.00	100.00	100.00	100.00	100.00	100.00
RLX-incomp_SN15_SOL-L-B30-Map1	12540	15444	4	1	3	1	72.17	24.12	57.50	57.50	59.00	100.00	100.00	5148.00	6403.63	1293	1293.00	1611.00	12540.00	12540	41.05	51.07	10.31	10.31	12.85	100.00	100.00
RLX-incomp_SN15_SOL-L-B39-Map1	9020	949	2	0	2	0	79.35	12.23	70.70	70.70	79.35	88.00	88.00	474.50	412.24	183	183.00	474.50	766.00	766	5.26	4.57	2.03	2.03	5.26	8.49	8.49
RLX-incomp_SN15_SOL-L-B70-Map1_reversed	7007	7225	3	1	3	1	92.20	8.97	82.40	82.40	94.20	100.00	100.00	2408.33	3982.75	70	70.00	148.00	7007.00	7007	34.37	56.84	1.00	1.00	2.11	100.00	100.00
RLX-incomp_SN15_SOL_RS_10	7376	7675	2	0	2	0	76.15	0.35	75.90	75.90	76.15	76.40	76.40	3837.50	2028.69	2403	2403.00	3837.50	5272.00	5272	52.03	27.50	32.58	32.58	52.03	71.48	71.48
RLX-incomp_SN2000-B-G132-Map8_reversed	6541	2924	3	0	2	0	92.77	0.62	92.33	92.33	92.77	93.20	93.20	1462.00	1838.48	162	162.00	1462.00	2762.00	2762	22.35	28.11	2.48	2.48	22.35	42.23	42.23
RLX-incomp_SN2000-B-G167-Map3	15924	6419	4	0	4	0	96.90	0.00	96.90	96.90	96.90	96.90	96.90	3209.50	2958.92	647	647.00	3209.50	5772.00	5772	20.16	18.58	4.06	4.06	20.16	36.25	36.25
RLX-incomp_SN2000-B-G74-Map17	3203	290	4	0	3	0	90.31	3.05	86.80	86.80	91.84	92.30	92.30	103.33	74.19	60	60.00	61.00	189.00	189	3.23	2.32	1.87	1.87	1.90	5.90	5.90
RLX-incomp_SN2000-B-R5-Map13	6682	4341	3	0	1	0	85.53	0.00	85.53	85.53	85.53	85.53	85.53	4345.00	0.00	4345	4345.00	4345.00	4345.00	4345	65.03	0.00	65.03	65.03	65.03	65.03	65.03
RLX-incomp_SN2000-B-R51-Map9_reversed	5760	1477	1	0	1	0	92.90	0.00	92.90	92.90	92.90	92.90	92.90	1477.00	0.00	1477	1477.00	1477.00	1477.00	1477	25.64	0.00	25.64	25.64	25.64	25.64	25.64
RLX-incomp_SN2000-L-B25-Map1_reversed	10197	9400	3	0	3	0	85.03	10.51	72.90	72.90	91.10	91.10	91.10	3419.33	4436.36	858	858.00	858.00	8542.00	8542	33.53	43.51	8.41	8.41	8.41	83.77	83.77
RLX-incomp_SN2000-L-B50-Map1_reversed	8270	67	1	0	1	0	91.40	0.00	91.40	91.40	91.40	91.40	91.40	67.00	0.00	67	67.00	67.00	67.00	67	0.81	0.00	0.81	0.81	0.81	0.81	0.81
RLX-incomp_SN2000_RS_1_reversed	20014	56	1	0	1	0	94.50	0.00	94.50	94.50	94.50	94.50	94.50	56.00	0.00	56	56.00	56.00	56.00	56	0.28	0.00	0.28	0.28	0.28	0.28	0.28
RLX-incomp_SN4-B-G1-Map20_reversed	5517	2660	1	0	1	0	70.00	0.00	70.00	70.00	70.00	70.00	70.00	2660.00	0.00	2660	2660.00	2660.00	2660.00	2660	48.21	0.00	48.21	48.21	48.21	48.21	48.21
RLX-incomp_SN4-B-G149-Map9	8985	5701	5	0	5	0	92.46	2.88	87.50	92.40	93.90	94.00	94.50	1140.20	1308.65	40	267.00	277.00	2325.00	2792	12.69	14.56	0.45	2.97	3.08	25.88	31.07
RLX-incomp_SN4-B-R25-Map3_reversed	1170	21	1	0	1	0	93.50	0.00	93.50	93.50	93.50	93.50	93.50	21.00	0.00	21	21.00	21.00	21.00	21	1.79	0.00	1.79	1.79	1.79	1.79	1.79
RLX-incomp_SN4-L-B18-Map1	17023	181	1	0	1	0	96.20	0.00	96.20	96.20	96.20	96.20	96.20	181.00	0.00	181	181.00	181.00	181.00	181	1.06	0.00	1.06	1.06	1.06	1.06	1.06
RLX-incomp_SN4-L-B21-Map1	15637	33126	5	1	4	1	86.60	13.13	69.30	84.40	88.71	99.70	99.70	8281.50	5930.30	1681	5961.00	7904.00	15637.00	15637	52.96	37.92	10.75	38.12	50.55	100.00	100.00
RLX-incomp_SN4-L-B37-Map1	11550	115	1	0	1	0	79.80	0.00	79.80	79.80	79.80	79.80	79.80	115.00	0.00	115	115.00	115.00	115.00	115	1.00	0.00	1.00	1.00	1.00	1.00	1.00
RLX-incomp_SN4-L-B4-Map1	22748	46	1	0	1	0	56.20	0.00	56.20	56.20	56.20	56.20	56.20	46.00	0.00	46	46.00	46.00	46.00	46	0.20	0.00	0.20	0.20	0.20	0.20	0.20
RLX-incomp_SN4-L-B48-Map1	8989	1633	1	0	1	0	91.70	0.00	91.70	91.70	91.70	91.70	91.70	1633.00	0.00	1633	1633.00	1633.00	1633.00	1633	18.17	0.00	18.17	18.17	18.17	18.17	18.17
RLX-incomp_SN4-L-B55-Map1_reversed	8810	2273	4	0	4	0	91.88	2.94	88.10	91.40	92.15	95.10	95.10	568.25	203.28	339	460.00	580.00	774.00	774	6.45	2.31	3.85	5.22	6.58	8.79	8.79
RLX-incomp_SN4-L-B70-Map1_reversed	8645	290	1	0	1	0	71.70	0.00	71.70	71.70	71.70	71.70	71.70	290.00	0.00	290	290.00	290.00	290.00	290	3.35	0.00	3.35	3.35	3.35	3.35	3.35
RLX-incomp_SN4-L-B83-Map1	6449	210	1	0	1	0	85.70	0.00	85.70	85.70	85.70	85.70	85.70	210.00	0.00	210	210.00	210.00	210.00	210	3.26	0.00	3.26	3.26	3.26	3.26	3.26
RLX-incomp_SN4-L-B92-Map1	4923	100	1	0	1	0	84.00	0.00	84.00	84.00	84.00	84.00	84.00	100.00	0.00	100	100.00	100.00	100.00	100	2.03	0.00	2.03	2.03	2.03	2.03	2.03
RLX-incomp_SN4_RS_7_reversed	12623	1277	4	0	4	0	88.28	11.97	70.40	92.70	93.75	95.20	95.20	319.25	268.66	46	181.00	284.00	663.00	663	2.53	2.13	0.36	1.43	2.25	5.25	5.25
RLX-incomp_SN79_1087-B-G53-Map5	7570	4452	2	0	2	0	91.00	1.41	90.00	90.00	91.00	92.00	92.00	2226.00	1033.79	1495	1495.00	2226.00	2957.00	2957	29.41	13.66	19.75	19.75	29.41	39.06	39.06
RLX-incomp_SN79_1087-L-B23-Map1	7331	2528	4	0	3	0	83.08	8.43	74.70	74.70	83.00	91.55	91.55	842.67	761.72	107	107.00	793.00	1628.00	1628	11.49	10.39	1.46	1.46	10.82	22.21	22.21
RPX-incomp-chim_CS10-B-G167-Map11_reversed	8021	1802	13	0	13	0	96.08	6.98	80.00	97.90	98.90	99.80	100.00	138.62	50.70	24	115.00	160.00	179.00	187	1.73	0.63	0.30	1.43	1.99	2.23	2.33
RPX-incomp-chim_Ptr_1CBFP-L-B48-Map1	15029	12007	7	0	5	0	69.71	5.74	64.14	65.90	66.70	75.40	76.40	2401.40	1654.04	545	1155.00	2219.00	3537.00	4551	15.98	11.01	3.63	7.69	14.76	23.53	30.28
RXX-chim_SN15_SOL-L-B63-Map1_reversed	7690	12337	3	0	3	0	84.43	13.72	74.10	74.10	79.20	100.00	100.00	4112.33	3456.96	146	146.00	5706.00	6485.00	6485	53.48	44.95	1.90	1.90	74.20	84.33	84.33
RXX-chim_SN4-L-B86-Map1	6094	2507	4	0	3	0	76.63	11.35	68.50	68.50	71.80	89.60	89.60	835.67	790.49	132	132.00	684.00	1691.00	1691	13.71	12.97	2.17	2.17	11.22	27.75	27.75
RXX-LARD-chim_Ptr_1CBFP-L-B54-Map1	13205	5941	3	0	3	0	78.37	4.72	73.90	73.90	77.90	83.30	83.30	1980.33	2940.85	83	83.00	490.00	5368.00	5368	15.00	22.27	0.63	0.63	3.71	40.65	40.65
RXX-LARD-chim_Ptr_1CBFP-L-B59-Map1	10367	1449	2	0	2	0	62.20	3.68	59.60	59.60	62.20	64.80	64.80	724.50	966.61	41	41.00	724.50	1408.00	1408	6.99	9.32	0.40	0.40	6.99	13.58	13.58
RXX-LARD-chim_Ptr_1CBFP-L-B64-Map1	8981	7154	9	0	8	0	71.79	4.29	64.00	70.10	72.60	76.00	76.10	894.25	808.28	103	428.00	669.50	1616.00	2500	9.96	9.00	1.15	4.77	7.45	17.99	27.84
RXX-LARD-chim_SN15_SOL-L-B22-Map1_reversed	14564	14564	1	1	1	1	100.00	0.00	100.00	100.00	100.00	100.00	100.00	14564.00	0.00	14564	14564.00	14564.00	14564.00	14564	100.00	0.00	100.00	100.00	100.00	100.00	100.00
RXX-LARD-chim_SN15_SOL-L-B25-Map1	14119	20451	3	0	3	0	81.33	16.52	68.60	68.60	75.40	100.00	100.00	6817.00	5716.56	2166	2166.00	5086.00	13199.00	13199	48.28	40.49	15.34	15.34	36.02	93.48	93.48
RXX-LARD-chim_SN15_SOL-L-B5-Map1	24531	26554	6	1	5	1	80.09	15.15	57.65	79.30	79.30	84.20	100.00	5310.80	10754.45	25	144.00	657.00	1197.00	24531	21.65	43.84	0.10	0.59	2.68	4.88	100.00
RXX-LARD-chim_SN15_SOL-L-B62-Map1	7807	9024	3	1	3	1	90.87	13.39	75.50	75.50	97.10	100.00	100.00	3008.00	4167.05	306	306.00	911.00	7807.00	7807	38.53	53.38	3.92	3.92	11.67	100.00	100.00
RXX-LARD-chim_SN2000-L-B28-Map1_reversed	9503	172	1	0	1	0	91.10	0.00	91.10	91.10	91.10	91.10	91.10	172.00	0.00	172	172.00	172.00	172.00	172	1.81	0.00	1.81	1.81	1.81	1.81	1.81
RXX-LARD-chim_SN4-L-B30-Map1	14220	14445	2	1	2	1	92.95	3.89	90.20	90.20	92.95	95.70	95.70	7222.50	9535.33	480	480.00	7222.50	13965.00	13965	50.79	67.06	3.38	3.38	50.79	98.21	98.21
RXX-LARD-chim_SN4-L-B33-Map1_reversed	12995	7100	1	0	1	0	81.00	0.00	81.00	81.00	81.00	81.00	81.00	7100.00	0.00	7100	7100.00	7100.00	7100.00	7100	54.64	0.00	54.64	54.64	54.64	54.64	54.64
RXX-LARD-chim_SN4-L-B77-Map1	6820	66	1	0	1	0	85.80	0.00	85.80	85.80	85.80	85.80	85.80	66.00	0.00	66	66.00	66.00	66.00	66	0.97	0.00	0.97	0.97	0.97	0.97	0.97
RXX-LARD-chim_SN4-L-B89-Map1	5268	1915	5	0	5	0	88.46	8.50	76.90	82.40	91.50	94.50	97.00	383.00	264.52	59	156.00	457.00	576.00	667	7.27	5.02	1.12	2.96	8.68	10.93	12.66
RXX-LARD_CS10-L-B111-Map1	5547	3132	7	0	5	0	58.45	2.71	55.30	55.80	59.70	60.26	61.20	626.40	302.48	227	376.00	802.00	848.00	879	11.29	5.45	4.09	6.78	14.46	15.29	15.85
RXX-LARD_CS10-L-B118-Map1	4203	1625	4	0	3	0	54.93	2.66	53.30	53.30	53.50	58.00	58.00	541.67	620.84	40	40.00	349.00	1236.00	1236	12.89	14.77	0.95	0.95	8.30	29.41	29.41
RXX-LARD_CS10-L-B128-Map1	2441	225	1	0	1	0	78.80	0.00	78.80	78.80	78.80	78.80	78.80	225.00	0.00	225	225.00	225.00	225.00	225	9.22	0.00	9.22	9.22	9.22	9.22	9.22
RXX-LARD_CS10-L-B49-Map1	8193	4039	13	0	12	0	65.04	5.74	58.60	60.60	62.60	70.80	74.40	336.58	668.35	21	43.00	123.50	292.00	2425	4.11	8.16	0.26	0.52	1.51	3.56	29.60
RXX-LARD_CS10-L-B9-Map4	23986	12389	2	0	1	0	91.80	0.00	91.80	91.80	91.80	91.80	91.80	12389.00	0.00	12389	12389.00	12389.00	12389.00	12389	51.65	0.00	51.65	51.65	51.65	51.65	51.65
RXX-LARD_Ptr_1CBFP-L-B126-Map1	5349	1466	1	0	1	0	69.70	0.00	69.70	69.70	69.70	69.70	69.70	1466.00	0.00	1466	1466.00	1466.00	1466.00	1466	27.41	0.00	27.41	27.41	27.41	27.41	27.41
RXX-LARD_SN15_SOL-L-B10-Map1	20406	7537	3	0	3	0	83.63	5.35	78.20	78.20	83.80	88.90	88.90	2512.33	3992.71	99	99.00	317.00	7121.00	7121	12.31	19.57	0.49	0.49	1.55	34.90	34.90
RXX-LARD_SN15_SOL-L-B28-Map1	13102	20973	4	1	4	1	89.85	6.84	85.70	85.80	86.85	100.00	100.00	5243.25	5762.76	52	1991.00	3909.50	13102.00	13102	40.02	43.98	0.40	15.20	29.84	100.00	100.00
RXX-LARD_SN15_SOL-L-B43-Map1	8838	1786	2	0	1	0	96.14	0.00	96.14	96.14	96.14	96.14	96.14	1786.00	0.00	1786	1786.00	1786.00	1786.00	1786	20.21	0.00	20.21	20.21	20.21	20.21	20.21
RXX-LARD_SN15_SOL-L-B60-Map1	8263	288	2	0	2	0	92.60	0.00	92.60	92.60	92.60	92.60	92.60	144.00	93.34	78	78.00	144.00	210.00	210	1.74	1.13	0.94	0.94	1.74	2.54	2.54
RXX-LARD_SN15_SOL-L-B64-Map1	7654	6721	1	0	1	0	100.00	0.00	100.00	100.00	100.00	100.00	100.00	6721.00	0.00	6721	6721.00	6721.00	6721.00	6721	87.81	0.00	87.81	87.81	87.81	87.81	87.81
RXX-LARD_SN15_SOL-L-B72-Map1	6610	14174	7	2	6	2	90.33	7.33	80.20	83.40	91.91	94.60	100.00	2363.17	3182.76	101	105.00	535.00	6293.00	6610	35.75	48.15	1.53	1.59	8.09	95.20	100.00
RXX-LARD_SN15_SOL-L-B83-Map1	4398	35470	24	0	22	0	88.84	5.62	76.40	87.80	89.90	92.60	98.60	1612.27	1577.86	89	209.00	561.50	3422.00	3802	36.66	35.88	2.02	4.75	12.77	77.81	86.45
RXX-LARD_SN15_SOL-L-B85-Map1	3381	7822	38	1	37	1	84.41	6.00	72.11	81.80	84.00	86.90	100.00	211.41	537.28	22	127.00	131.00	147.00	3381	6.25	15.89	0.65	3.76	3.87	4.35	100.00
RXX-LARD_SN15_SOL_RS_1	20014	79815	11	1	11	1	91.49	6.48	77.50	86.20	93.30	96.60	98.10	7255.91	7194.16	79	122.00	7184.00	10615.00	20016	36.25	35.95	0.39	0.61	35.89	53.04	100.01
RXX-LARD_SN2000-L-B10-Map1	17495	536	3	0	3	0	80.80	8.67	71.30	71.30	82.80	88.30	88.30	178.67	125.83	62	62.00	162.00	312.00	312	1.02	0.72	0.35	0.35	0.93	1.78	1.78
RXX-LARD_SN2000-L-B13-Map1	14891	2236	4	0	4	0	84.10	15.42	64.50	79.30	86.75	98.40	98.40	559.00	954.21	27	35.00	111.50	1986.00	1986	3.75	6.41	0.18	0.24	0.75	13.34	13.34
RXX-LARD_SN2000-L-B18-Map1	11765	8793	4	0	4	0	76.12	12.12	68.50	70.10	70.90	94.20	94.20	2198.25	2399.24	35	468.00	1804.50	5149.00	5149	18.68	20.39	0.30	3.98	15.34	43.77	43.77
RXX-LARD_SN2000-L-B47-Map1	8443	337	1	0	1	0	70.60	0.00	70.60	70.60	70.60	70.60	70.60	337.00	0.00	337	337.00	337.00	337.00	337	3.99	0.00	3.99	3.99	3.99	3.99	3.99
RXX-LARD_SN2000-L-B59-Map1	4203	685	1	0	1	0	97.40	0.00	97.40	97.40	97.40	97.40	97.40	685.00	0.00	685	685.00	685.00	685.00	685	16.30	0.00	16.30	16.30	16.30	16.30	16.30
RXX-LARD_SN2000-L-B60-Map1	3927	278	2	0	2	0	82.35	13.22	73.00	73.00	82.35	91.70	91.70	139.00	25.46	121	121.00	139.00	157.00	157	3.54	0.65	3.08	3.08	3.54	4.00	4.00
RXX-LARD_SN2000-L-B63-Map1	3273	1526	3	0	3	0	88.10	2.26	86.00	86.00	87.80	90.50	90.50	525.67	822.15	51	51.00	51.00	1475.00	1475	16.06	25.12	1.56	1.56	1.56	45.07	45.07
RXX-LARD_SN4-B-G160-Map3	19899	69048	17	3	17	3	86.83	11.85	62.30	75.10	95.70	96.10	99.80	4069.24	7461.48	25	73.00	193.00	1826.00	19476	20.45	37.50	0.13	0.37	0.97	9.18	97.87
RXX-LARD_SN4-B-R18-Map20	8769	17380	3	1	3	1	93.90	0.46	93.40	93.40	94.00	94.30	94.30	5793.33	3307.09	2185	2185.00	6515.00	8680.00	8680	66.07	37.71	24.92	24.92	74.30	98.99	98.99
RXX-LARD_SN4-L-B22-Map1	14998	1345	9	0	9	0	87.92	5.69	79.20	83.60	88.70	91.70	96.10	149.44	109.02	55	71.00	111.00	209.00	396	1.00	0.73	0.37	0.47	0.74	1.39	2.64
RXX-LARD_SN4-L-B23-Map1	14985	378	3	0	3	0	93.63	2.86	90.50	90.50	94.30	96.10	96.10	126.00	84.02	41	41.00	128.00	209.00	209	0.84	0.56	0.27	0.27	0.85	1.39	1.39
RXX-LARD_SN4-L-B29-Map1	14474	2368	4	0	4	0	88.55	11.53	71.40	92.40	93.35	96.10	96.10	592.00	792.36	128	209.00	231.00	1778.00	1778	4.09	5.47	0.88	1.44	1.60	12.28	12.28
RXX-LARD_SN4-L-B36-Map1	12321	56	1	0	1	0	90.00	0.00	90.00	90.00	90.00	90.00	90.00	56.00	0.00	56	56.00	56.00	56.00	56	0.45	0.00	0.45	0.45	0.45	0.45	0.45
RXX-LARD_SN4-L-B6-Map1	21339	6508	7	0	7	0	78.21	9.85	64.10	71.20	75.70	86.90	90.90	929.71	1181.62	115	121.00	608.00	1391.00	3393	4.36	5.54	0.54	0.57	2.85	6.52	15.90
RXX-LARD_SN4-L-B78-Map1	6768	42	1	0	1	0	91.50	0.00	91.50	91.50	91.50	91.50	91.50	42.00	0.00	42	42.00	42.00	42.00	42	0.62	0.00	0.62	0.62	0.62	0.62	0.62
RXX-LARD_SN4-L-B93-Map1	3310	92	1	0	1	0	79.60	0.00	79.60	79.60	79.60	79.60	79.60	92.00	0.00	92	92.00	92.00	92.00	92	2.78	0.00	2.78	2.78	2.78	2.78	2.78
RXX-LARD_SN4-L-B94-Map1_reversed	2854	151	2	0	1	0	88.99	0.00	88.99	88.99	88.99	88.99	88.99	191.00	0.00	191	191.00	191.00	191.00	191	6.69	0.00	6.69	6.69	6.69	6.69	6.69
RXX-LARD_SN79_1087-B-R45-Map8	9403	1456	8	0	8	0	82.01	7.01	73.10	78.10	82.15	89.40	89.40	182.00	14.11	155	185.00	188.00	188.00	198	1.94	0.15	1.65	1.97	2.00	2.00	2.11
RXX-LARD_SN79_1087-L-B32-Map1	2536	389	1	0	1	0	61.60	0.00	61.60	61.60	61.60	61.60	61.60	389.00	0.00	389	389.00	389.00	389.00	389	15.34	0.00	15.34	15.34	15.34	15.34	15.34
RXX-TRIM_SN15_SOL-L-B88-Map1	1588	2675	3	1	3	1	94.63	4.65	91.90	91.90	92.00	100.00	100.00	891.67	603.04	542	542.00	545.00	1588.00	1588	56.15	37.98	34.13	34.13	34.32	100.00	100.00
RXX-TRIM_SN4-L-B97-Map1	1181	51	1	0	1	0	85.10	0.00	85.10	85.10	85.10	85.10	85.10	51.00	0.00	51	51.00	51.00	51.00	51	4.32	0.00	4.32	4.32	4.32	4.32	4.32
RXX_SN15_SOL-B-G117-Map20	6618	4938	3	0	1	0	92.52	0.00	92.52	92.52	92.52	92.52	92.52	4938.00	0.00	4938	4938.00	4938.00	4938.00	4938	74.61	0.00	74.61	74.61	74.61	74.61	74.61
RXX_SN15_SOL-B-G4-Map20	8275	7450	1	0	1	0	81.30	0.00	81.30	81.30	81.30	81.30	81.30	7450.00	0.00	7450	7450.00	7450.00	7450.00	7450	90.03	0.00	90.03	90.03	90.03	90.03	90.03
RXX_SN4-B-G4-Map20	10607	49465	12	3	11	3	85.19	9.59	65.70	80.70	88.30	93.70	94.93	4499.55	4564.23	26	617.00	2870.00	10227.00	10777	42.42	43.03	0.25	5.82	27.06	96.42	101.60
RXX_SN4-B-R27-Map3	1974	274	1	0	1	0	95.30	0.00	95.30	95.30	95.30	95.30	95.30	274.00	0.00	274	274.00	274.00	274.00	274	13.88	0.00	13.88	13.88	13.88	13.88	13.88
RYX-incomp-chim_SN2000-B-G170-Map3	13814	6419	2	0	2	0	96.90	0.00	96.90	96.90	96.90	96.90	96.90	3209.50	3623.92	647	647.00	3209.50	5772.00	5772	23.23	26.23	4.68	4.68	23.23	41.78	41.78
RYX-incomp-chim_SN2000-B-G173-Map4	13578	12442	5	0	4	0	95.60	3.31	90.70	96.90	96.90	97.92	97.92	3113.25	3071.69	266	647.00	3207.50	5772.00	5772	22.93	22.62	1.96	4.77	23.62	42.51	42.51
RYX-incomp-chim_SN2000-B-R4-Map20_reversed	9543	7552	4	0	2	0	82.54	19.01	69.10	69.10	82.54	95.98	95.98	3776.00	3094.30	1588	1588.00	3776.00	5964.00	5964	39.57	32.42	16.64	16.64	39.57	62.50	62.50
RYX-incomp-chim_SN2000-L-B1-Map20_reversed	25423	12032	5	0	3	0	78.63	13.94	69.80	69.80	71.38	94.70	94.70	4019.67	462.98	3534	3534.00	4069.00	4456.00	4456	15.81	1.82	13.90	13.90	16.01	17.53	17.53
RYX-incomp-chim_SN4-L-B1-Map5_reversed	13613	291	1	0	1	0	70.80	0.00	70.80	70.80	70.80	70.80	70.80	291.00	0.00	291	291.00	291.00	291.00	291	2.14	0.00	2.14	2.14	2.14	2.14	2.14
RYX-incomp-chim_SN4-L-B44-Map1	10378	590	2	0	2	0	74.00	0.57	73.60	73.60	74.00	74.40	74.40	295.00	205.06	150	150.00	295.00	440.00	440	2.84	1.98	1.45	1.45	2.84	4.24	4.24
XXX-chim_SN79_1087-L-B8-Map1_reversed	12902	28	1	0	1	0	62.80	0.00	62.80	62.80	62.80	62.80	62.80	28.00	0.00	28	28.00	28.00	28.00	28	0.22	0.00	0.22	0.22	0.22	0.22	0.22
