TE	length	covg	frags	fullLgthFrags	copies	fullLgthCopies	meanId	sdId	minId	q25Id	medId	q75Id	maxId	meanLgth	sdLgth	minLgth	q25Lgth	medLgth	q75Lgth	maxLgth	meanLgthPerc	sdLgthPerc	minLgthPerc	q25LgthPerc	medLgthPerc	q75LgthPerc	maxLgthPerc
Academ-1_ADi_2p:ClassII:?:Academ	624	201	1	0	1	0	27.30	0.00	27.30	27.30	27.30	27.30	27.30	201.00	0.00	201	201.00	201.00	201.00	201	32.21	0.00	32.21	32.21	32.21	32.21	32.21
Academ-3_ADi_2p:ClassII:?:Academ	634	123	1	0	1	0	25.96	0.00	25.96	25.96	25.96	25.96	25.96	123.00	0.00	123	123.00	123.00	123.00	123	19.40	0.00	19.40	19.40	19.40	19.40	19.40
ATCOPIA56p:ClassI:LTR:Copia	1358	27	1	0	1	0	24.60	0.00	24.60	24.60	24.60	24.60	24.60	27.00	0.00	27	27.00	27.00	27.00	27	1.99	0.00	1.99	1.99	1.99	1.99	1.99
BEL1-I_SM_1p:ClassI:LTR:Bel-Pao	1817	264	2	0	1	0	57.95	0.00	57.95	57.95	57.95	57.95	57.95	264.00	0.00	264	264.00	264.00	264.00	264	14.53	0.00	14.53	14.53	14.53	14.53	14.53
BOTY_I_1p:ClassI:LTR:Gypsy	1618	3771	8	0	8	0	31.53	1.98	29.19	30.29	31.15	33.92	34.78	471.38	335.16	30	363.00	390.00	807.00	912	29.13	20.71	1.85	22.44	24.10	49.88	56.37
CFT1_2p:ClassI:LTR:Gypsy	969	345	1	0	1	0	29.67	0.00	29.67	29.67	29.67	29.67	29.67	345.00	0.00	345	345.00	345.00	345.00	345	35.60	0.00	35.60	35.60	35.60	35.60	35.60
COP7_I_MT_1p#2:ClassI:LTR:Copia	1309	24	1	0	1	0	27.70	0.00	27.70	27.70	27.70	27.70	27.70	24.00	0.00	24	24.00	24.00	24.00	24	1.83	0.00	1.83	1.83	1.83	1.83	1.83
COPI3_I_1p:ClassI:LTR:Copia	1325	21	1	0	1	0	27.10	0.00	27.10	27.10	27.10	27.10	27.10	21.00	0.00	21	21.00	21.00	21.00	21	1.58	0.00	1.58	1.58	1.58	1.58	1.58
Copia-102_BRa-I_1p:ClassI:LTR:Copia	1214	24	1	0	1	0	25.04	0.00	25.04	25.04	25.04	25.04	25.04	24.00	0.00	24	24.00	24.00	24.00	24	1.98	0.00	1.98	1.98	1.98	1.98	1.98
Copia-109_AA-I_1p:ClassI:LTR:Copia	1067	279	1	0	1	0	32.82	0.00	32.82	32.82	32.82	32.82	32.82	279.00	0.00	279	279.00	279.00	279.00	279	26.15	0.00	26.15	26.15	26.15	26.15	26.15
Copia-10_LH-I_1p:ClassI:LTR:Copia	1326	21	1	0	1	0	31.09	0.00	31.09	31.09	31.09	31.09	31.09	21.00	0.00	21	21.00	21.00	21.00	21	1.58	0.00	1.58	1.58	1.58	1.58	1.58
Copia-113_AA-I_1p:ClassI:LTR:Copia	1349	84	1	0	1	0	27.50	0.00	27.50	27.50	27.50	27.50	27.50	84.00	0.00	84	84.00	84.00	84.00	84	6.23	0.00	6.23	6.23	6.23	6.23	6.23
Copia-113_BRa-I_1p:ClassI:LTR:Copia	1480	108	1	0	1	0	25.25	0.00	25.25	25.25	25.25	25.25	25.25	108.00	0.00	108	108.00	108.00	108.00	108	7.30	0.00	7.30	7.30	7.30	7.30	7.30
Copia-117_SB-Ip:ClassI:LTR:Copia	385	21	1	0	1	0	31.48	0.00	31.48	31.48	31.48	31.48	31.48	21.00	0.00	21	21.00	21.00	21.00	21	5.45	0.00	5.45	5.45	5.45	5.45	5.45
Copia-124_BRa-I_1p:ClassI:LTR:Copia	1388	24	1	0	1	0	27.21	0.00	27.21	27.21	27.21	27.21	27.21	24.00	0.00	24	24.00	24.00	24.00	24	1.73	0.00	1.73	1.73	1.73	1.73	1.73
Copia-129_AA-I_1p:ClassI:LTR:Copia	1335	21	1	0	1	0	23.85	0.00	23.85	23.85	23.85	23.85	23.85	21.00	0.00	21	21.00	21.00	21.00	21	1.57	0.00	1.57	1.57	1.57	1.57	1.57
Copia-12_DPu-I_1p:ClassI:LTR:Copia	958	27	1	0	1	0	23.95	0.00	23.95	23.95	23.95	23.95	23.95	27.00	0.00	27	27.00	27.00	27.00	27	2.82	0.00	2.82	2.82	2.82	2.82	2.82
Copia-12_TMe-I_1p:ClassI:LTR:Copia	1438	66	2	0	2	0	34.08	2.38	32.39	32.39	34.08	35.76	35.76	33.00	16.97	21	21.00	33.00	45.00	45	2.29	1.18	1.46	1.46	2.29	3.13	3.13
Copia-13_AA-I_1p:ClassI:LTR:Copia	1348	180	3	0	3	0	25.54	1.36	24.19	24.19	25.53	26.90	26.90	60.00	29.55	27	27.00	69.00	84.00	84	4.45	2.19	2.00	2.00	5.12	6.23	6.23
Copia-13_MLP-I_2p:ClassI:LTR:Copia	558	27	1	0	1	0	26.48	0.00	26.48	26.48	26.48	26.48	26.48	27.00	0.00	27	27.00	27.00	27.00	27	4.84	0.00	4.84	4.84	4.84	4.84	4.84
Copia-13_TMe-I_1p:ClassI:LTR:Copia	750	186	1	0	1	0	38.71	0.00	38.71	38.71	38.71	38.71	38.71	186.00	0.00	186	186.00	186.00	186.00	186	24.80	0.00	24.80	24.80	24.80	24.80	24.80
Copia-14_TC-I_1p:ClassI:LTR:Copia	1328	21	1	0	1	0	32.62	0.00	32.62	32.62	32.62	32.62	32.62	21.00	0.00	21	21.00	21.00	21.00	21	1.58	0.00	1.58	1.58	1.58	1.58	1.58
Copia-151_CCri-I_1p:ClassI:LTR:Copia	1336	21	1	0	1	0	28.06	0.00	28.06	28.06	28.06	28.06	28.06	21.00	0.00	21	21.00	21.00	21.00	21	1.57	0.00	1.57	1.57	1.57	1.57	1.57
Copia-161_CCri-I_1p:ClassI:LTR:Copia	1349	1500	1	0	1	0	34.59	0.00	34.59	34.59	34.59	34.59	34.59	1500.00	0.00	1500	1500.00	1500.00	1500.00	1500	111.19	0.00	111.19	111.19	111.19	111.19	111.19
Copia-16_ECa-I_3p:ClassI:LTR:Copia	346	147	1	0	1	0	30.90	0.00	30.90	30.90	30.90	30.90	30.90	147.00	0.00	147	147.00	147.00	147.00	147	42.49	0.00	42.49	42.49	42.49	42.49	42.49
Copia-17_GM-I_1p:ClassI:LTR:Copia	1316	24	1	0	1	0	26.11	0.00	26.11	26.11	26.11	26.11	26.11	24.00	0.00	24	24.00	24.00	24.00	24	1.82	0.00	1.82	1.82	1.82	1.82	1.82
Copia-17_PIT-I_2p:ClassI:LTR:Copia	1065	30	1	0	1	0	28.03	0.00	28.03	28.03	28.03	28.03	28.03	30.00	0.00	30	30.00	30.00	30.00	30	2.82	0.00	2.82	2.82	2.82	2.82	2.82
Copia-17_PX-I_1p:ClassI:LTR:Copia	1397	21	1	0	1	0	28.03	0.00	28.03	28.03	28.03	28.03	28.03	21.00	0.00	21	21.00	21.00	21.00	21	1.50	0.00	1.50	1.50	1.50	1.50	1.50
Copia-19_BG-I_1p:ClassI:LTR:Copia	1477	231	1	0	1	0	32.10	0.00	32.10	32.10	32.10	32.10	32.10	231.00	0.00	231	231.00	231.00	231.00	231	15.64	0.00	15.64	15.64	15.64	15.64	15.64
Copia-19_DPu-I_1p:ClassI:LTR:Copia	1306	27	1	0	1	0	27.38	0.00	27.38	27.38	27.38	27.38	27.38	27.00	0.00	27	27.00	27.00	27.00	27	2.07	0.00	2.07	2.07	2.07	2.07	2.07
Copia-19_SI-I_1p:ClassI:LTR:Copia	796	24	1	0	1	0	25.68	0.00	25.68	25.68	25.68	25.68	25.68	24.00	0.00	24	24.00	24.00	24.00	24	3.02	0.00	3.02	3.02	3.02	3.02	3.02
Copia-1_AB-I_1p:ClassI:LTR:Copia	1400	3399	2	0	2	0	29.20	0.29	28.99	28.99	29.20	29.40	29.40	1699.50	23.33	1683	1683.00	1699.50	1716.00	1716	121.39	1.67	120.21	120.21	121.39	122.57	122.57
Copia-1_ATe-I_1p:ClassI:LTR:Copia	1524	1821	6	0	6	0	32.46	3.13	29.06	29.77	31.85	35.94	36.30	303.50	380.93	42	54.00	67.50	795.00	795	19.91	25.00	2.76	3.54	4.43	52.17	52.17
Copia-1_CMe-I_1p:ClassI:LTR:Copia	582	1404	1	0	1	0	70.68	0.00	70.68	70.68	70.68	70.68	70.68	1404.00	0.00	1404	1404.00	1404.00	1404.00	1404	241.24	0.00	241.24	241.24	241.24	241.24	241.24
Copia-1_VA-I_1p:ClassI:LTR:Copia	608	45675	40	2	40	2	34.21	3.85	29.60	30.26	32.97	38.23	42.25	1141.88	363.71	282	786.00	1339.50	1383.00	1569	187.81	59.82	46.38	129.28	220.31	227.47	258.06
Copia-1_VA-I_2p:ClassI:LTR:Copia	896	358	2	0	1	0	45.83	0.00	45.83	45.83	45.83	45.83	45.83	360.00	0.00	360	360.00	360.00	360.00	360	40.18	0.00	40.18	40.18	40.18	40.18	40.18
Copia-22_SI-I_1p:ClassI:LTR:Copia	1247	60	2	0	2	0	27.81	0.83	27.23	27.23	27.81	28.40	28.40	30.00	0.00	30	30.00	30.00	30.00	30	2.41	0.00	2.41	2.41	2.41	2.41	2.41
Copia-23_ST-I_1p:ClassI:LTR:Copia	686	636	1	0	1	0	24.58	0.00	24.58	24.58	24.58	24.58	24.58	636.00	0.00	636	636.00	636.00	636.00	636	92.71	0.00	92.71	92.71	92.71	92.71	92.71
Copia-24_PIT-I_1p:ClassI:LTR:Copia	358	159	1	0	1	0	37.74	0.00	37.74	37.74	37.74	37.74	37.74	159.00	0.00	159	159.00	159.00	159.00	159	44.41	0.00	44.41	44.41	44.41	44.41	44.41
Copia-24_PX-I_1p:ClassI:LTR:Copia	1369	21	1	0	1	0	33.33	0.00	33.33	33.33	33.33	33.33	33.33	21.00	0.00	21	21.00	21.00	21.00	21	1.53	0.00	1.53	1.53	1.53	1.53	1.53
Copia-24_SI-I_1p:ClassI:LTR:Copia	1318	282	2	0	2	0	28.20	7.91	22.60	22.60	28.20	33.79	33.79	141.00	169.71	21	21.00	141.00	261.00	261	10.70	12.88	1.59	1.59	10.70	19.80	19.80
Copia-25_BG-I_1p:ClassI:LTR:Copia	1627	2685	2	0	1	0	33.30	0.00	33.30	33.30	33.30	33.30	33.30	2685.00	0.00	2685	2685.00	2685.00	2685.00	2685	165.03	0.00	165.03	165.03	165.03	165.03	165.03
Copia-25_CQ-I_1p:ClassI:LTR:Copia	1341	279	1	0	1	0	29.27	0.00	29.27	29.27	29.27	29.27	29.27	279.00	0.00	279	279.00	279.00	279.00	279	20.81	0.00	20.81	20.81	20.81	20.81	20.81
Copia-26_Pru-I_1p:ClassI:LTR:Copia	808	21	1	0	1	0	27.89	0.00	27.89	27.89	27.89	27.89	27.89	21.00	0.00	21	21.00	21.00	21.00	21	2.60	0.00	2.60	2.60	2.60	2.60	2.60
Copia-27_ECa-I_1p:ClassI:LTR:Copia	1036	21	1	0	1	0	26.00	0.00	26.00	26.00	26.00	26.00	26.00	21.00	0.00	21	21.00	21.00	21.00	21	2.03	0.00	2.03	2.03	2.03	2.03	2.03
Copia-27_PIT-I_1p:ClassI:LTR:Copia	1654	21	1	0	1	0	26.14	0.00	26.14	26.14	26.14	26.14	26.14	21.00	0.00	21	21.00	21.00	21.00	21	1.27	0.00	1.27	1.27	1.27	1.27	1.27
Copia-28_BG-I_1p:ClassI:LTR:Copia	1492	1044	1	0	1	0	24.30	0.00	24.30	24.30	24.30	24.30	24.30	1044.00	0.00	1044	1044.00	1044.00	1044.00	1044	69.97	0.00	69.97	69.97	69.97	69.97	69.97
Copia-28_DPu-I_1p:ClassI:LTR:Copia	1245	21	1	0	1	0	31.59	0.00	31.59	31.59	31.59	31.59	31.59	21.00	0.00	21	21.00	21.00	21.00	21	1.69	0.00	1.69	1.69	1.69	1.69	1.69
Copia-29_CQ-I_2p:ClassI:LTR:Copia	1028	97	1	0	1	0	32.26	0.00	32.26	32.26	32.26	32.26	32.26	97.00	0.00	97	97.00	97.00	97.00	97	9.44	0.00	9.44	9.44	9.44	9.44	9.44
Copia-29_PAb-I_2p:ClassI:LTR:Copia	577	1125	1	0	1	0	31.15	0.00	31.15	31.15	31.15	31.15	31.15	1125.00	0.00	1125	1125.00	1125.00	1125.00	1125	194.97	0.00	194.97	194.97	194.97	194.97	194.97
Copia-29_PIT-I_1p:ClassI:LTR:Copia	1345	51	2	0	2	0	26.26	1.70	25.06	25.06	26.26	27.46	27.46	25.50	2.12	24	24.00	25.50	27.00	27	1.90	0.16	1.78	1.78	1.90	2.01	2.01
Copia-2_CCO-I_2p:ClassI:LTR:Copia	330	54	2	0	2	0	30.51	3.71	27.88	27.88	30.51	33.13	33.13	27.00	8.49	21	21.00	27.00	33.00	33	8.18	2.57	6.36	6.36	8.18	10.00	10.00
Copia-2_HAE-I_1p:ClassI:LTR:Copia	1367	60	2	0	2	0	28.93	0.04	28.90	28.90	28.93	28.96	28.96	30.00	4.24	27	27.00	30.00	33.00	33	2.19	0.31	1.98	1.98	2.19	2.41	2.41
Copia-2_JC-I_1p:ClassI:LTR:Copia	1437	2817	4	0	4	0	25.14	0.87	24.10	25.09	25.12	26.24	26.24	704.25	135.51	501	771.00	771.00	774.00	774	49.01	9.43	34.86	53.65	53.65	53.86	53.86
Copia-2_LBS-I_1p:ClassI:LTR:Copia	1459	159	1	0	1	0	41.51	0.00	41.51	41.51	41.51	41.51	41.51	159.00	0.00	159	159.00	159.00	159.00	159	10.90	0.00	10.90	10.90	10.90	10.90	10.90
Copia-2_SCH-I_1p:ClassI:LTR:Copia	851	54	1	0	1	0	39.58	0.00	39.58	39.58	39.58	39.58	39.58	54.00	0.00	54	54.00	54.00	54.00	54	6.35	0.00	6.35	6.35	6.35	6.35	6.35
Copia-2_ST-I_1p:ClassI:LTR:Copia	954	327	1	0	1	0	25.79	0.00	25.79	25.79	25.79	25.79	25.79	327.00	0.00	327	327.00	327.00	327.00	327	34.28	0.00	34.28	34.28	34.28	34.28	34.28
Copia-2_VA-I_1p:ClassI:LTR:Copia	1621	4758	5	0	5	0	27.37	1.75	25.89	25.95	26.89	28.04	30.09	951.60	566.50	21	960.00	960.00	1407.00	1410	58.70	34.95	1.30	59.22	59.22	86.80	86.98
Copia-30_DPu-I_1p:ClassI:LTR:Copia	1360	54	2	0	2	0	32.22	4.08	29.33	29.33	32.22	35.10	35.10	27.00	8.49	21	21.00	27.00	33.00	33	1.99	0.62	1.54	1.54	1.99	2.43	2.43
Copia-31_LU-I_1p:ClassI:LTR:Copia	1063	33	1	0	1	0	28.27	0.00	28.27	28.27	28.27	28.27	28.27	33.00	0.00	33	33.00	33.00	33.00	33	3.10	0.00	3.10	3.10	3.10	3.10	3.10
Copia-31_MLP-I_1p:ClassI:LTR:Copia	1378	30	1	0	1	0	27.41	0.00	27.41	27.41	27.41	27.41	27.41	30.00	0.00	30	30.00	30.00	30.00	30	2.18	0.00	2.18	2.18	2.18	2.18	2.18
Copia-32_BD-I_1p:ClassI:LTR:Copia	545	33	1	0	1	0	26.24	0.00	26.24	26.24	26.24	26.24	26.24	33.00	0.00	33	33.00	33.00	33.00	33	6.06	0.00	6.06	6.06	6.06	6.06	6.06
Copia-33_GM-I_1p:ClassI:LTR:Copia	804	903	3	0	3	0	55.79	9.95	47.17	47.17	53.52	66.67	66.67	301.00	132.56	162	162.00	315.00	426.00	426	37.44	16.49	20.15	20.15	39.18	52.99	52.99
Copia-34B_ECa-I_1p:ClassI:LTR:Copia	846	46	1	0	1	0	28.08	0.00	28.08	28.08	28.08	28.08	28.08	46.00	0.00	46	46.00	46.00	46.00	46	5.44	0.00	5.44	5.44	5.44	5.44	5.44
Copia-34_PX-I_1p:ClassI:LTR:Copia	1363	21	1	0	1	0	26.99	0.00	26.99	26.99	26.99	26.99	26.99	21.00	0.00	21	21.00	21.00	21.00	21	1.54	0.00	1.54	1.54	1.54	1.54	1.54
Copia-37_Pru-I_1p:ClassI:LTR:Copia	1370	114	1	0	1	0	26.55	0.00	26.55	26.55	26.55	26.55	26.55	114.00	0.00	114	114.00	114.00	114.00	114	8.32	0.00	8.32	8.32	8.32	8.32	8.32
Copia-38_ALY-I_1p:ClassI:LTR:Copia	1430	24	1	0	1	0	28.72	0.00	28.72	28.72	28.72	28.72	28.72	24.00	0.00	24	24.00	24.00	24.00	24	1.68	0.00	1.68	1.68	1.68	1.68	1.68
Copia-39_ATr-I_1p:ClassI:LTR:Copia	1275	21	1	0	1	0	29.34	0.00	29.34	29.34	29.34	29.34	29.34	21.00	0.00	21	21.00	21.00	21.00	21	1.65	0.00	1.65	1.65	1.65	1.65	1.65
Copia-39_ST-I_1p:ClassI:LTR:Copia	1407	21	1	0	1	0	25.95	0.00	25.95	25.95	25.95	25.95	25.95	21.00	0.00	21	21.00	21.00	21.00	21	1.49	0.00	1.49	1.49	1.49	1.49	1.49
Copia-3_LH-I_3p:ClassI:LTR:Copia	521	54	2	0	2	0	27.48	1.38	26.50	26.50	27.48	28.45	28.45	27.00	8.49	21	21.00	27.00	33.00	33	5.18	1.63	4.03	4.03	5.18	6.33	6.33
Copia-3_PSH-I_1p:ClassI:LTR:Copia	1486	21	1	0	1	0	28.04	0.00	28.04	28.04	28.04	28.04	28.04	21.00	0.00	21	21.00	21.00	21.00	21	1.41	0.00	1.41	1.41	1.41	1.41	1.41
Copia-3_SLL-I_3p:ClassI:LTR:Copia	402	21	1	0	1	0	32.12	0.00	32.12	32.12	32.12	32.12	32.12	21.00	0.00	21	21.00	21.00	21.00	21	5.22	0.00	5.22	5.22	5.22	5.22	5.22
Copia-40_BG-I_1p:ClassI:LTR:Copia	1475	27	1	0	1	0	31.30	0.00	31.30	31.30	31.30	31.30	31.30	27.00	0.00	27	27.00	27.00	27.00	27	1.83	0.00	1.83	1.83	1.83	1.83	1.83
Copia-43_ECa-I_1p:ClassI:LTR:Copia	499	51	2	0	2	0	31.90	3.51	29.42	29.42	31.90	34.38	34.38	25.50	6.36	21	21.00	25.50	30.00	30	5.11	1.28	4.21	4.21	5.11	6.01	6.01
Copia-43_PIT-I_1p:ClassI:LTR:Copia	1481	60	1	0	1	0	25.54	0.00	25.54	25.54	25.54	25.54	25.54	60.00	0.00	60	60.00	60.00	60.00	60	4.05	0.00	4.05	4.05	4.05	4.05	4.05
Copia-44_PX-I_1p:ClassI:LTR:Copia	1478	21	1	0	1	0	28.42	0.00	28.42	28.42	28.42	28.42	28.42	21.00	0.00	21	21.00	21.00	21.00	21	1.42	0.00	1.42	1.42	1.42	1.42	1.42
Copia-45_BG-I_1p:ClassI:LTR:Copia	1003	138	1	0	1	0	31.76	0.00	31.76	31.76	31.76	31.76	31.76	138.00	0.00	138	138.00	138.00	138.00	138	13.76	0.00	13.76	13.76	13.76	13.76	13.76
Copia-45_JC-I_1p:ClassI:LTR:Copia	1309	42	2	0	2	0	30.20	3.97	27.40	27.40	30.20	33.01	33.01	21.00	0.00	21	21.00	21.00	21.00	21	1.60	0.00	1.60	1.60	1.60	1.60	1.60
Copia-46_MLP-I_1p:ClassI:LTR:Copia	1279	21	1	0	1	0	27.12	0.00	27.12	27.12	27.12	27.12	27.12	21.00	0.00	21	21.00	21.00	21.00	21	1.64	0.00	1.64	1.64	1.64	1.64	1.64
Copia-48_VV-I_3p:ClassI:LTR:Copia	393	21	1	0	1	0	33.74	0.00	33.74	33.74	33.74	33.74	33.74	21.00	0.00	21	21.00	21.00	21.00	21	5.34	0.00	5.34	5.34	5.34	5.34	5.34
Copia-49_MLP-I_1p:ClassI:LTR:Copia	1515	21	1	0	1	0	25.43	0.00	25.43	25.43	25.43	25.43	25.43	21.00	0.00	21	21.00	21.00	21.00	21	1.39	0.00	1.39	1.39	1.39	1.39	1.39
Copia-4_SMo-I_1p:ClassI:LTR:Copia	751	144	2	0	2	0	33.65	1.64	32.49	32.49	33.65	34.81	34.81	72.00	72.12	21	21.00	72.00	123.00	123	9.59	9.60	2.80	2.80	9.59	16.38	16.38
Copia-50_GM-I_2p:ClassI:LTR:Copia	683	21	1	0	1	0	27.74	0.00	27.74	27.74	27.74	27.74	27.74	21.00	0.00	21	21.00	21.00	21.00	21	3.07	0.00	3.07	3.07	3.07	3.07	3.07
Copia-50_VV-I_1p:ClassI:LTR:Copia	1087	24	1	0	1	0	27.68	0.00	27.68	27.68	27.68	27.68	27.68	24.00	0.00	24	24.00	24.00	24.00	24	2.21	0.00	2.21	2.21	2.21	2.21	2.21
Copia-55_BG-I_1p:ClassI:LTR:Copia	1647	78	1	0	1	0	32.96	0.00	32.96	32.96	32.96	32.96	32.96	78.00	0.00	78	78.00	78.00	78.00	78	4.74	0.00	4.74	4.74	4.74	4.74	4.74
Copia-56_BG-I_1p:ClassI:LTR:Copia	1334	531	1	0	1	0	29.73	0.00	29.73	29.73	29.73	29.73	29.73	531.00	0.00	531	531.00	531.00	531.00	531	39.81	0.00	39.81	39.81	39.81	39.81	39.81
Copia-57_BRa-I_1p:ClassI:LTR:Copia	1159	24	1	0	1	0	26.11	0.00	26.11	26.11	26.11	26.11	26.11	24.00	0.00	24	24.00	24.00	24.00	24	2.07	0.00	2.07	2.07	2.07	2.07	2.07
Copia-57_ST-I_1p:ClassI:LTR:Copia	1478	24	1	0	1	0	25.99	0.00	25.99	25.99	25.99	25.99	25.99	24.00	0.00	24	24.00	24.00	24.00	24	1.62	0.00	1.62	1.62	1.62	1.62	1.62
Copia-58_BG-I_1p:ClassI:LTR:Copia	1619	4380	5	0	5	0	31.27	2.51	28.97	29.21	31.14	31.84	35.19	876.00	695.89	48	183.00	1377.00	1386.00	1386	54.11	42.98	2.96	11.30	85.05	85.61	85.61
Copia-5_PR-I_1p:ClassI:LTR:Copia	1622	21	1	0	1	0	26.87	0.00	26.87	26.87	26.87	26.87	26.87	21.00	0.00	21	21.00	21.00	21.00	21	1.29	0.00	1.29	1.29	1.29	1.29	1.29
Copia-5_SMo-I_1p:ClassI:LTR:Copia	1472	21	1	0	1	0	33.98	0.00	33.98	33.98	33.98	33.98	33.98	21.00	0.00	21	21.00	21.00	21.00	21	1.43	0.00	1.43	1.43	1.43	1.43	1.43
Copia-60_AA-I_1p:ClassI:LTR:Copia	1350	21	1	0	1	0	25.50	0.00	25.50	25.50	25.50	25.50	25.50	21.00	0.00	21	21.00	21.00	21.00	21	1.56	0.00	1.56	1.56	1.56	1.56	1.56
Copia-60_PI-I_1p:ClassI:LTR:Copia	1089	21	1	0	1	0	26.70	0.00	26.70	26.70	26.70	26.70	26.70	21.00	0.00	21	21.00	21.00	21.00	21	1.93	0.00	1.93	1.93	1.93	1.93	1.93
Copia-60_PPe-I_1p:ClassI:LTR:Copia	1298	21	1	0	1	0	29.06	0.00	29.06	29.06	29.06	29.06	29.06	21.00	0.00	21	21.00	21.00	21.00	21	1.62	0.00	1.62	1.62	1.62	1.62	1.62
Copia-60_ZM-I_1p:ClassI:LTR:Copia	748	33	1	0	1	0	29.71	0.00	29.71	29.71	29.71	29.71	29.71	33.00	0.00	33	33.00	33.00	33.00	33	4.41	0.00	4.41	4.41	4.41	4.41	4.41
Copia-61_GM-I_1p:ClassI:LTR:Copia	1355	153	1	0	1	0	45.10	0.00	45.10	45.10	45.10	45.10	45.10	153.00	0.00	153	153.00	153.00	153.00	153	11.29	0.00	11.29	11.29	11.29	11.29	11.29
Copia-61_SB-I_1p:ClassI:LTR:Copia	1520	33	1	0	1	0	24.69	0.00	24.69	24.69	24.69	24.69	24.69	33.00	0.00	33	33.00	33.00	33.00	33	2.17	0.00	2.17	2.17	2.17	2.17	2.17
Copia-63_BRa-I_1p:ClassI:LTR:Copia	1265	24	1	0	1	0	28.37	0.00	28.37	28.37	28.37	28.37	28.37	24.00	0.00	24	24.00	24.00	24.00	24	1.90	0.00	1.90	1.90	1.90	1.90	1.90
Copia-67_GM-I_2p:ClassI:LTR:Copia	301	21	1	0	1	0	31.31	0.00	31.31	31.31	31.31	31.31	31.31	21.00	0.00	21	21.00	21.00	21.00	21	6.98	0.00	6.98	6.98	6.98	6.98	6.98
Copia-67_MLP-I_2p:ClassI:LTR:Copia	863	21	1	0	1	0	25.81	0.00	25.81	25.81	25.81	25.81	25.81	21.00	0.00	21	21.00	21.00	21.00	21	2.43	0.00	2.43	2.43	2.43	2.43	2.43
Copia-67_PT-I_2p:ClassI:LTR:Copia	551	24	1	0	1	0	28.12	0.00	28.12	28.12	28.12	28.12	28.12	24.00	0.00	24	24.00	24.00	24.00	24	4.36	0.00	4.36	4.36	4.36	4.36	4.36
Copia-68_BG-I_1p:ClassI:LTR:Copia	1616	539	3	0	2	0	34.72	14.17	24.70	24.70	34.72	44.74	44.74	274.50	354.26	24	24.00	274.50	525.00	525	16.99	21.92	1.49	1.49	16.99	32.49	32.49
Copia-68_VV-I_1p:ClassI:LTR:Copia	1355	21	1	0	1	0	33.33	0.00	33.33	33.33	33.33	33.33	33.33	21.00	0.00	21	21.00	21.00	21.00	21	1.55	0.00	1.55	1.55	1.55	1.55	1.55
Copia-69_BG-I_1p:ClassI:LTR:Copia	1517	2088	8	1	8	1	27.32	3.40	24.64	24.70	26.52	30.00	34.42	261.00	539.52	21	48.00	60.00	183.00	1590	17.21	35.56	1.38	3.16	3.96	12.06	104.81
Copia-69_MLP-I_1p:ClassI:LTR:Copia	1561	24	1	0	1	0	26.71	0.00	26.71	26.71	26.71	26.71	26.71	24.00	0.00	24	24.00	24.00	24.00	24	1.54	0.00	1.54	1.54	1.54	1.54	1.54
Copia-6_BG-I_1p:ClassI:LTR:Copia	1507	1923	3	1	3	1	33.53	4.03	28.90	28.90	35.39	36.29	36.29	641.00	814.15	159	159.00	183.00	1581.00	1581	42.53	54.02	10.55	10.55	12.14	104.91	104.91
Copia-6_SMo-I_1p:ClassI:LTR:Copia	1350	33	1	0	1	0	26.92	0.00	26.92	26.92	26.92	26.92	26.92	33.00	0.00	33	33.00	33.00	33.00	33	2.44	0.00	2.44	2.44	2.44	2.44	2.44
Copia-75_BRa-I_1p:ClassI:LTR:Copia	1371	24	1	0	1	0	27.38	0.00	27.38	27.38	27.38	27.38	27.38	24.00	0.00	24	24.00	24.00	24.00	24	1.75	0.00	1.75	1.75	1.75	1.75	1.75
Copia-7_PTrit-I_2p:ClassI:LTR:Copia	482	156	1	0	1	0	25.99	0.00	25.99	25.99	25.99	25.99	25.99	156.00	0.00	156	156.00	156.00	156.00	156	32.37	0.00	32.37	32.37	32.37	32.37	32.37
Copia-81_GM-I_1p:ClassI:LTR:Copia	811	2700	1	0	1	0	24.97	0.00	24.97	24.97	24.97	24.97	24.97	2700.00	0.00	2700	2700.00	2700.00	2700.00	2700	332.92	0.00	332.92	332.92	332.92	332.92	332.92
Copia-83_VV-I_2p:ClassI:LTR:Copia	430	21	1	0	1	0	32.14	0.00	32.14	32.14	32.14	32.14	32.14	21.00	0.00	21	21.00	21.00	21.00	21	4.88	0.00	4.88	4.88	4.88	4.88	4.88
Copia-84_VV-I_1p:ClassI:LTR:Copia	1366	153	1	0	1	0	45.10	0.00	45.10	45.10	45.10	45.10	45.10	153.00	0.00	153	153.00	153.00	153.00	153	11.20	0.00	11.20	11.20	11.20	11.20	11.20
Copia-87_BRa-I_1p:ClassI:LTR:Copia	1342	21	1	0	1	0	24.85	0.00	24.85	24.85	24.85	24.85	24.85	21.00	0.00	21	21.00	21.00	21.00	21	1.56	0.00	1.56	1.56	1.56	1.56	1.56
Copia-88_ST-I_1p:ClassI:LTR:Copia	625	21	1	0	1	0	34.31	0.00	34.31	34.31	34.31	34.31	34.31	21.00	0.00	21	21.00	21.00	21.00	21	3.36	0.00	3.36	3.36	3.36	3.36	3.36
Copia-92_ST-I_1p:ClassI:LTR:Copia	1279	30	1	0	1	0	24.62	0.00	24.62	24.62	24.62	24.62	24.62	30.00	0.00	30	30.00	30.00	30.00	30	2.35	0.00	2.35	2.35	2.35	2.35	2.35
Copia-95_AA-I_1p:ClassI:LTR:Copia	506	3981	4	0	4	0	31.31	1.96	29.38	29.97	31.16	33.53	33.53	995.25	1.50	993	996.00	996.00	996.00	996	196.69	0.30	196.25	196.84	196.84	196.84	196.84
Copia-9_AA-I_1p:ClassI:LTR:Copia	1243	30	1	0	1	0	27.19	0.00	27.19	27.19	27.19	27.19	27.19	30.00	0.00	30	30.00	30.00	30.00	30	2.41	0.00	2.41	2.41	2.41	2.41	2.41
Copia-9_PR-I_1p:ClassI:LTR:Copia	1471	60	1	0	1	0	25.55	0.00	25.55	25.55	25.55	25.55	25.55	60.00	0.00	60	60.00	60.00	60.00	60	4.08	0.00	4.08	4.08	4.08	4.08	4.08
COPIA1-I_AGp:ClassI:LTR:Copia	1323	71	1	0	1	0	42.31	0.00	42.31	42.31	42.31	42.31	42.31	71.00	0.00	71	71.00	71.00	71.00	71	5.37	0.00	5.37	5.37	5.37	5.37	5.37
Copia23-ZM_I_1p:ClassI:LTR:Copia	1371	21	1	0	1	0	24.20	0.00	24.20	24.20	24.20	24.20	24.20	21.00	0.00	21	21.00	21.00	21.00	21	1.53	0.00	1.53	1.53	1.53	1.53	1.53
Copia27-ZM_I_1p:ClassI:LTR:Copia	1455	33	1	0	1	0	25.31	0.00	25.31	25.31	25.31	25.31	25.31	33.00	0.00	33	33.00	33.00	33.00	33	2.27	0.00	2.27	2.27	2.27	2.27	2.27
Copia3-NVi_I_1p:ClassI:LTR:Copia	1305	108	3	0	3	0	36.55	1.10	35.29	35.29	37.04	37.31	37.31	36.00	13.08	21	21.00	42.00	45.00	45	2.76	1.00	1.61	1.61	3.22	3.45	3.45
Copia31-PTR_I_1p:ClassI:LTR:Copia	791	97	1	0	1	0	33.65	0.00	33.65	33.65	33.65	33.65	33.65	97.00	0.00	97	97.00	97.00	97.00	97	12.26	0.00	12.26	12.26	12.26	12.26	12.26
Copia51-PTR_I_1p#2:ClassI:LTR:Copia	1368	24	1	0	1	0	27.37	0.00	27.37	27.37	27.37	27.37	27.37	24.00	0.00	24	24.00	24.00	24.00	24	1.75	0.00	1.75	1.75	1.75	1.75	1.75
CRE-15_CCri_2p:ClassI:LINE:R2	296	1431	3	0	2	0	36.25	2.93	34.18	34.18	36.25	38.32	38.32	715.50	303.35	501	501.00	715.50	930.00	930	241.72	102.48	169.26	169.26	241.72	314.19	314.19
CryptonC-5_CCri_1p:ClassII:Crypton:Crypton	635	648	1	1	1	1	27.19	0.00	27.19	27.19	27.19	27.19	27.19	648.00	0.00	648	648.00	648.00	648.00	648	102.05	0.00	102.05	102.05	102.05	102.05	102.05
DNA-17_CCri_2p:ClassII:?:?	3318	201	1	0	1	0	48.57	0.00	48.57	48.57	48.57	48.57	48.57	201.00	0.00	201	201.00	201.00	201.00	201	6.06	0.00	6.06	6.06	6.06	6.06	6.06
DNA-18_CCri_3p:ClassII:?:?	1866	81	1	0	1	0	22.90	0.00	22.90	22.90	22.90	22.90	22.90	81.00	0.00	81	81.00	81.00	81.00	81	4.34	0.00	4.34	4.34	4.34	4.34	4.34
DNA-21_CCri_1p:ClassII:?:?	1383	5136	5	1	5	1	26.63	2.88	22.22	26.15	26.38	28.92	29.49	1027.20	234.98	780	870.00	942.00	1209.00	1335	74.27	16.99	56.40	62.91	68.11	87.42	96.53
EnSpm-12_CCri_2p:ClassII:TIR:CACTA	672	345	1	0	1	0	34.19	0.00	34.19	34.19	34.19	34.19	34.19	345.00	0.00	345	345.00	345.00	345.00	345	51.34	0.00	51.34	51.34	51.34	51.34	51.34
EnSpm-13_CCri_2p:ClassII:TIR:CACTA	621	1539	4	0	3	1	37.74	4.19	33.33	33.33	38.23	41.67	41.67	513.00	84.16	432	432.00	507.00	600.00	600	82.61	13.55	69.57	69.57	81.64	96.62	96.62
EnSpm-17_CCri_1p:ClassII:TIR:CACTA	1205	1113	1	0	1	0	29.17	0.00	29.17	29.17	29.17	29.17	29.17	1113.00	0.00	1113	1113.00	1113.00	1113.00	1113	92.37	0.00	92.37	92.37	92.37	92.37	92.37
EnSpm-20_CCri_1p:ClassII:TIR:CACTA	736	1389	3	0	3	0	39.14	1.67	37.24	37.24	39.86	40.33	40.33	463.00	58.97	426	426.00	432.00	531.00	531	62.91	8.01	57.88	57.88	58.70	72.15	72.15
EnSpm-22_CCri_2p:ClassII:TIR:CACTA	1115	9579	5	0	4	0	30.55	4.14	25.18	29.82	31.05	34.91	34.91	2394.75	161.17	2187	2358.00	2416.50	2559.00	2559	214.78	14.45	196.14	211.48	216.73	229.51	229.51
EnSpm-29_CCri_1p:ClassII:TIR:CACTA	842	501	1	0	1	0	61.85	0.00	61.85	61.85	61.85	61.85	61.85	501.00	0.00	501	501.00	501.00	501.00	501	59.50	0.00	59.50	59.50	59.50	59.50	59.50
EnSpm-2B_CCri_5p:ClassII:TIR:CACTA	294	405	2	0	1	0	39.60	0.00	39.60	39.60	39.60	39.60	39.60	405.00	0.00	405	405.00	405.00	405.00	405	137.76	0.00	137.76	137.76	137.76	137.76	137.76
EnSpm-2_CCri_5p:ClassII:TIR:CACTA	294	261	1	0	1	0	38.46	0.00	38.46	38.46	38.46	38.46	38.46	261.00	0.00	261	261.00	261.00	261.00	261	88.78	0.00	88.78	88.78	88.78	88.78	88.78
EnSpm-2_PGr_1p:ClassII:TIR:CACTA	500	8019	17	3	16	2	32.38	4.95	26.05	29.83	31.15	34.29	45.65	501.19	137.51	360	402.00	483.00	588.00	894	100.24	27.50	72.00	80.40	96.60	117.60	178.80
EnSpm-3_PGr_1p:ClassII:TIR:CACTA	300	4617	8	0	8	0	27.99	3.20	23.82	25.74	27.77	30.86	33.52	577.12	174.87	459	504.00	534.00	561.00	1002	192.38	58.29	153.00	168.00	178.00	187.00	334.00
EnSpm-5_CCri_4p:ClassII:TIR:CACTA	298	651	1	0	1	0	39.91	0.00	39.91	39.91	39.91	39.91	39.91	651.00	0.00	651	651.00	651.00	651.00	651	218.46	0.00	218.46	218.46	218.46	218.46	218.46
EnSpm-7_CCri_5p:ClassII:TIR:CACTA	348	1179	2	0	2	0	40.95	18.12	28.14	28.14	40.95	53.77	53.77	589.50	10.61	582	582.00	589.50	597.00	597	169.40	3.05	167.24	167.24	169.40	171.55	171.55
Gypsy-1-I_ACa_2p:ClassI:LTR:Gypsy	1242	12885	17	3	17	3	34.98	5.51	27.75	31.36	33.80	39.35	48.25	757.94	436.23	129	372.00	672.00	1230.00	1413	61.03	35.12	10.39	29.95	54.11	99.03	113.77
Gypsy-10_GA-I_3p:ClassI:LTR:Gypsy	870	63	1	0	1	0	28.13	0.00	28.13	28.13	28.13	28.13	28.13	63.00	0.00	63	63.00	63.00	63.00	63	7.24	0.00	7.24	7.24	7.24	7.24	7.24
Gypsy-10_PPa-I_1p:ClassI:LTR:Gypsy	1533	2160	7	0	7	0	36.96	5.15	32.92	33.72	35.18	40.70	47.10	308.57	220.43	90	90.00	240.00	570.00	570	20.13	14.38	5.87	5.87	15.66	37.18	37.18
Gypsy-10_SCH-I_1p:ClassI:LTR:Gypsy	1371	3717	3	0	3	0	28.07	0.83	27.45	27.45	27.75	29.02	29.02	1239.00	1039.58	612	612.00	666.00	2439.00	2439	90.37	75.83	44.64	44.64	48.58	177.90	177.90
Gypsy-11_PPa-I_1p:ClassI:LTR:Gypsy	1534	264	2	0	2	0	32.24	0.00	32.24	32.24	32.24	32.24	32.24	132.00	0.00	132	132.00	132.00	132.00	132	8.60	0.00	8.60	8.60	8.60	8.60	8.60
Gypsy-13_BG-I_1p:ClassI:LTR:Gypsy	861	1068	2	0	2	0	35.21	0.96	34.53	34.53	35.21	35.89	35.89	534.00	653.37	72	72.00	534.00	996.00	996	62.02	75.88	8.36	8.36	62.02	115.68	115.68
Gypsy-14_BG-I_1p:ClassI:LTR:Gypsy	1608	282	1	0	1	0	33.51	0.00	33.51	33.51	33.51	33.51	33.51	282.00	0.00	282	282.00	282.00	282.00	282	17.54	0.00	17.54	17.54	17.54	17.54	17.54
Gypsy-14_XT-I_1p:ClassI:LTR:Gypsy	1283	153	1	0	1	0	37.26	0.00	37.26	37.26	37.26	37.26	37.26	153.00	0.00	153	153.00	153.00	153.00	153	11.93	0.00	11.93	11.93	11.93	11.93	11.93
Gypsy-15_BG-I_2p:ClassI:LTR:Gypsy	1304	4686	4	0	4	0	31.54	1.03	30.19	31.53	31.63	32.69	32.69	1171.50	747.01	51	1542.00	1542.00	1551.00	1551	89.84	57.29	3.91	118.25	118.25	118.94	118.94
Gypsy-16_BG-I_1p:ClassI:LTR:Gypsy	1563	240	1	0	1	0	35.23	0.00	35.23	35.23	35.23	35.23	35.23	240.00	0.00	240	240.00	240.00	240.00	240	15.36	0.00	15.36	15.36	15.36	15.36	15.36
Gypsy-177_ZM-I_1p:ClassI:LTR:Gypsy	578	171	1	0	1	0	57.90	0.00	57.90	57.90	57.90	57.90	57.90	171.00	0.00	171	171.00	171.00	171.00	171	29.58	0.00	29.58	29.58	29.58	29.58	29.58
Gypsy-185_ZM-I_1p:ClassI:LTR:Gypsy	655	405	1	0	1	0	40.00	0.00	40.00	40.00	40.00	40.00	40.00	405.00	0.00	405	405.00	405.00	405.00	405	61.83	0.00	61.83	61.83	61.83	61.83	61.83
Gypsy-18_BG-I_2p:ClassI:LTR:Gypsy	1248	7080	6	0	6	0	32.08	1.14	30.03	31.60	32.40	32.90	33.15	1180.00	374.87	528	1035.00	1254.00	1497.00	1512	94.55	30.04	42.31	82.93	100.48	119.95	121.15
Gypsy-19_BG-I_1p:ClassI:LTR:Gypsy	1013	108	1	0	1	0	33.42	0.00	33.42	33.42	33.42	33.42	33.42	108.00	0.00	108	108.00	108.00	108.00	108	10.66	0.00	10.66	10.66	10.66	10.66	10.66
Gypsy-19_PGr-I_1p:ClassI:LTR:Gypsy	1063	288	1	0	1	0	23.93	0.00	23.93	23.93	23.93	23.93	23.93	288.00	0.00	288	288.00	288.00	288.00	288	27.09	0.00	27.09	27.09	27.09	27.09	27.09
Gypsy-1_ARO-I_2p:ClassI:LTR:Gypsy	1328	627	2	0	2	0	26.56	2.04	25.12	25.12	26.56	28.00	28.00	313.50	405.17	27	27.00	313.50	600.00	600	23.61	30.51	2.03	2.03	23.61	45.18	45.18
Gypsy-1_BFB-I_3p:ClassI:LTR:Gypsy	1149	10713	10	2	10	2	33.44	2.52	27.83	33.26	33.45	34.75	37.40	1071.30	338.37	567	774.00	1123.50	1395.00	1485	93.24	29.45	49.35	67.36	97.78	121.41	129.24
Gypsy-1_BG-I_2p:ClassI:LTR:Gypsy	1229	687	3	0	3	0	27.94	2.63	25.98	25.98	26.92	30.93	30.93	229.00	156.50	51	51.00	291.00	345.00	345	18.63	12.73	4.15	4.15	23.68	28.07	28.07
Gypsy-1_CH_1p:ClassI:LTR:Gypsy	645	6717	10	1	9	2	34.80	1.25	32.84	33.96	34.96	35.22	37.13	746.33	149.01	606	606.00	666.00	933.00	933	115.71	23.10	93.95	93.95	103.26	144.65	144.65
Gypsy-1_CH_2p:ClassI:LTR:Gypsy	1221	19554	20	0	16	1	44.13	3.70	32.78	42.88	45.69	46.36	49.06	1222.12	921.89	30	489.00	1047.00	1803.00	3327	100.09	75.50	2.46	40.05	85.75	147.67	272.48
Gypsy-1_CMe-I_2p:ClassI:LTR:Gypsy	500	1356	1	0	1	0	51.40	0.00	51.40	51.40	51.40	51.40	51.40	1356.00	0.00	1356	1356.00	1356.00	1356.00	1356	271.20	0.00	271.20	271.20	271.20	271.20	271.20
Gypsy-1_Cop-I_2p:ClassI:LTR:Gypsy	879	207	1	0	1	0	31.30	0.00	31.30	31.30	31.30	31.30	31.30	207.00	0.00	207	207.00	207.00	207.00	207	23.55	0.00	23.55	23.55	23.55	23.55	23.55
Gypsy-1_GDe-I_2p:ClassI:LTR:Gypsy	907	2433	4	0	4	0	29.91	4.13	26.51	27.18	28.77	35.57	35.57	608.25	506.39	51	447.00	559.50	1263.00	1263	67.06	55.83	5.62	49.28	61.69	139.25	139.25
Gypsy-1_TMe-I_1p:ClassI:LTR:Gypsy	475	420	3	0	2	0	44.81	9.91	37.81	37.81	44.81	51.82	51.82	210.00	169.71	90	90.00	210.00	330.00	330	44.21	35.73	18.95	18.95	44.21	69.47	69.47
Gypsy-1_Trm-I_2p:ClassI:LTR:Gypsy	1007	639	3	0	3	0	31.70	8.13	26.17	26.17	27.90	41.04	41.04	213.00	210.45	90	90.00	93.00	456.00	456	21.15	20.90	8.94	8.94	9.24	45.28	45.28
Gypsy-20_BG-I_1p:ClassI:LTR:Gypsy	1183	1041	1	0	1	0	29.31	0.00	29.31	29.31	29.31	29.31	29.31	1041.00	0.00	1041	1041.00	1041.00	1041.00	1041	88.00	0.00	88.00	88.00	88.00	88.00	88.00
Gypsy-21_BG-I_2p:ClassI:LTR:Gypsy	1284	930	1	0	1	0	29.39	0.00	29.39	29.39	29.39	29.39	29.39	930.00	0.00	930	930.00	930.00	930.00	930	72.43	0.00	72.43	72.43	72.43	72.43	72.43
Gypsy-22_Ano-I_1p:ClassI:LTR:Gypsy	1108	1632	4	0	4	0	26.29	0.71	25.23	26.58	26.59	26.77	26.77	408.00	112.44	345	345.00	355.50	576.00	576	36.82	10.15	31.14	31.14	32.08	51.99	51.99
Gypsy-22_BG-I_1p:ClassI:LTR:Gypsy	887	216	4	0	4	0	29.78	0.63	28.91	29.79	29.92	30.38	30.38	54.00	25.34	24	42.00	58.50	75.00	75	6.09	2.86	2.71	4.74	6.60	8.46	8.46
Gypsy-24_BG-I_1p:ClassI:LTR:Gypsy	939	42	1	0	1	0	32.57	0.00	32.57	32.57	32.57	32.57	32.57	42.00	0.00	42	42.00	42.00	42.00	42	4.47	0.00	4.47	4.47	4.47	4.47	4.47
Gypsy-2_BFB-I_2p:ClassI:LTR:Gypsy	1471	597	1	0	1	0	28.00	0.00	28.00	28.00	28.00	28.00	28.00	597.00	0.00	597	597.00	597.00	597.00	597	40.58	0.00	40.58	40.58	40.58	40.58	40.58
Gypsy-2_CPu-I_1p:ClassI:LTR:Gypsy	1062	84	1	0	1	0	36.74	0.00	36.74	36.74	36.74	36.74	36.74	84.00	0.00	84	84.00	84.00	84.00	84	7.91	0.00	7.91	7.91	7.91	7.91	7.91
Gypsy-31_BG-I_2p:ClassI:LTR:Gypsy	1312	240	2	0	2	0	29.31	0.33	29.08	29.08	29.31	29.55	29.55	120.00	21.21	105	105.00	120.00	135.00	135	9.15	1.62	8.00	8.00	9.15	10.29	10.29
Gypsy-33_BG-I_1p:ClassI:LTR:Gypsy	1259	54	1	0	1	0	30.56	0.00	30.56	30.56	30.56	30.56	30.56	54.00	0.00	54	54.00	54.00	54.00	54	4.29	0.00	4.29	4.29	4.29	4.29	4.29
Gypsy-34_BG-I_2p:ClassI:LTR:Gypsy	1242	969	8	0	8	0	30.74	2.87	28.00	29.25	29.43	34.54	35.67	121.12	144.79	27	66.00	78.00	132.00	471	9.75	11.66	2.17	5.31	6.28	10.63	37.92
Gypsy-36_BG-I_1p:ClassI:LTR:Gypsy	1233	1479	3	0	3	0	35.38	2.08	33.03	33.03	36.16	36.96	36.96	493.00	467.43	72	72.00	411.00	996.00	996	39.98	37.91	5.84	5.84	33.33	80.78	80.78
Gypsy-37_BG-I_2p:ClassI:LTR:Gypsy	1195	366	2	0	2	0	34.53	0.37	34.27	34.27	34.53	34.80	34.80	183.00	0.00	183	183.00	183.00	183.00	183	15.31	0.00	15.31	15.31	15.31	15.31	15.31
Gypsy-37_SSa-I_2p:ClassI:LTR:Gypsy	1077	27	1	0	1	0	26.26	0.00	26.26	26.26	26.26	26.26	26.26	27.00	0.00	27	27.00	27.00	27.00	27	2.51	0.00	2.51	2.51	2.51	2.51	2.51
Gypsy-38_BG-I_3p:ClassI:LTR:Gypsy	571	186	1	0	1	0	30.42	0.00	30.42	30.42	30.42	30.42	30.42	186.00	0.00	186	186.00	186.00	186.00	186	32.57	0.00	32.57	32.57	32.57	32.57	32.57
Gypsy-39_BG-I_1p:ClassI:LTR:Gypsy	1318	642	1	0	1	0	28.37	0.00	28.37	28.37	28.37	28.37	28.37	642.00	0.00	642	642.00	642.00	642.00	642	48.71	0.00	48.71	48.71	48.71	48.71	48.71
Gypsy-3_ES-I_5p:ClassI:LTR:Gypsy	744	735	2	0	2	0	38.45	3.79	35.77	35.77	38.45	41.13	41.13	367.50	2.12	366	366.00	367.50	369.00	369	49.40	0.29	49.19	49.19	49.40	49.60	49.60
Gypsy-3_GDe-I_2p:ClassI:LTR:Gypsy	624	516	2	0	2	0	36.00	5.66	32.00	32.00	36.00	40.00	40.00	258.00	326.68	27	27.00	258.00	489.00	489	41.35	52.35	4.33	4.33	41.35	78.37	78.37
Gypsy-3_LBS-I_1p:ClassI:LTR:Gypsy	1573	63	1	0	1	0	29.00	0.00	29.00	29.00	29.00	29.00	29.00	63.00	0.00	63	63.00	63.00	63.00	63	4.01	0.00	4.01	4.01	4.01	4.01	4.01
Gypsy-3_SCH-I_2p:ClassI:LTR:Gypsy	2405	1452	2	0	2	0	30.08	0.62	29.64	29.64	30.08	30.51	30.51	726.00	33.94	702	702.00	726.00	750.00	750	30.19	1.41	29.19	29.19	30.19	31.19	31.19
Gypsy-40_BG-I_2p:ClassI:LTR:Gypsy	1239	1920	2	0	2	0	35.70	0.69	35.21	35.21	35.70	36.18	36.18	960.00	72.12	909	909.00	960.00	1011.00	1011	77.48	5.82	73.37	73.37	77.48	81.60	81.60
Gypsy-46_BG-I_1p:ClassI:LTR:Gypsy	1130	5499	6	2	6	2	36.99	0.98	35.62	36.26	36.98	37.77	38.32	916.50	390.65	348	498.00	1090.50	1236.00	1236	81.11	34.57	30.80	44.07	96.50	109.38	109.38
Gypsy-48_BG-I_1p:ClassI:LTR:Gypsy	1179	12216	9	0	9	0	32.68	0.87	31.79	31.92	32.59	33.20	34.41	1357.33	374.00	360	1482.00	1482.00	1482.00	1482	115.13	31.72	30.53	125.70	125.70	125.70	125.70
Gypsy-49_BG-I_1p:ClassI:LTR:Gypsy	1148	423	1	0	1	0	36.17	0.00	36.17	36.17	36.17	36.17	36.17	423.00	0.00	423	423.00	423.00	423.00	423	36.85	0.00	36.85	36.85	36.85	36.85	36.85
Gypsy-4_PSt-I_1p:ClassI:LTR:Gypsy	639	21	1	0	1	0	27.31	0.00	27.31	27.31	27.31	27.31	27.31	21.00	0.00	21	21.00	21.00	21.00	21	3.29	0.00	3.29	3.29	3.29	3.29	3.29
Gypsy-51_BG-I_1p:ClassI:LTR:Gypsy	1234	33	1	0	1	0	27.52	0.00	27.52	27.52	27.52	27.52	27.52	33.00	0.00	33	33.00	33.00	33.00	33	2.67	0.00	2.67	2.67	2.67	2.67	2.67
Gypsy-52_BG-I_2p:ClassI:LTR:Gypsy	1265	3876	6	0	6	0	30.15	2.27	27.66	28.03	29.95	32.52	32.76	646.00	71.31	519	615.00	663.00	702.00	714	51.07	5.64	41.03	48.62	52.41	55.49	56.44
Gypsy-54_BG-I_2p:ClassI:LTR:Gypsy	1267	72	1	0	1	0	35.34	0.00	35.34	35.34	35.34	35.34	35.34	72.00	0.00	72	72.00	72.00	72.00	72	5.68	0.00	5.68	5.68	5.68	5.68	5.68
Gypsy-54_MLP-I_1p:ClassI:LTR:Gypsy	2146	21	1	0	1	0	26.25	0.00	26.25	26.25	26.25	26.25	26.25	21.00	0.00	21	21.00	21.00	21.00	21	0.98	0.00	0.98	0.98	0.98	0.98	0.98
Gypsy-59_BG-I_1p:ClassI:LTR:Gypsy	1732	75	1	0	1	0	30.20	0.00	30.20	30.20	30.20	30.20	30.20	75.00	0.00	75	75.00	75.00	75.00	75	4.33	0.00	4.33	4.33	4.33	4.33	4.33
Gypsy-5_ADe-I_1p:ClassI:LTR:Gypsy	938	186	1	0	1	0	32.73	0.00	32.73	32.73	32.73	32.73	32.73	186.00	0.00	186	186.00	186.00	186.00	186	19.83	0.00	19.83	19.83	19.83	19.83	19.83
Gypsy-5_ES-I_2p:ClassI:LTR:Gypsy	626	180	1	0	1	0	30.43	0.00	30.43	30.43	30.43	30.43	30.43	180.00	0.00	180	180.00	180.00	180.00	180	28.75	0.00	28.75	28.75	28.75	28.75	28.75
Gypsy-5_SLL-I_1p:ClassI:LTR:Gypsy	1151	84	3	0	3	0	24.22	1.07	23.18	23.18	24.17	25.31	25.31	28.00	6.24	21	21.00	30.00	33.00	33	2.43	0.54	1.82	1.82	2.61	2.87	2.87
Gypsy-5_Trm-I_1p:ClassI:LTR:Gypsy	1776	93	1	0	1	0	41.04	0.00	41.04	41.04	41.04	41.04	41.04	93.00	0.00	93	93.00	93.00	93.00	93	5.24	0.00	5.24	5.24	5.24	5.24	5.24
Gypsy-61_BG-I_2p:ClassI:LTR:Gypsy	1255	426	4	0	4	0	34.15	0.39	33.72	34.06	34.09	34.67	34.67	106.50	103.47	30	30.00	73.50	249.00	249	8.49	8.24	2.39	2.39	5.86	19.84	19.84
Gypsy-63_BG-I_2p:ClassI:LTR:Gypsy	1215	87	1	0	1	0	30.87	0.00	30.87	30.87	30.87	30.87	30.87	87.00	0.00	87	87.00	87.00	87.00	87	7.16	0.00	7.16	7.16	7.16	7.16	7.16
Gypsy-63_DWil-I_2p:ClassI:LTR:Gypsy	1168	576	1	0	1	0	26.00	0.00	26.00	26.00	26.00	26.00	26.00	576.00	0.00	576	576.00	576.00	576.00	576	49.32	0.00	49.32	49.32	49.32	49.32	49.32
Gypsy-66_BG-I_2p:ClassI:LTR:Gypsy	1221	39	1	0	1	0	29.16	0.00	29.16	29.16	29.16	29.16	29.16	39.00	0.00	39	39.00	39.00	39.00	39	3.19	0.00	3.19	3.19	3.19	3.19	3.19
Gypsy-68_BG-I_1p:ClassI:LTR:Gypsy	1643	1482	2	0	2	0	32.37	1.36	31.41	31.41	32.37	33.33	33.33	741.00	93.34	675	675.00	741.00	807.00	807	45.10	5.68	41.08	41.08	45.10	49.12	49.12
Gypsy-6_CCO-I_1p:ClassI:LTR:Gypsy	1574	591	1	0	1	0	25.90	0.00	25.90	25.90	25.90	25.90	25.90	591.00	0.00	591	591.00	591.00	591.00	591	37.55	0.00	37.55	37.55	37.55	37.55	37.55
Gypsy-6_Trm-I_1p:ClassI:LTR:Gypsy	931	51	1	0	1	0	27.43	0.00	27.43	27.43	27.43	27.43	27.43	51.00	0.00	51	51.00	51.00	51.00	51	5.48	0.00	5.48	5.48	5.48	5.48	5.48
Gypsy-70_BG-I_2p:ClassI:LTR:Gypsy	1390	444	6	0	6	0	27.47	0.64	26.80	27.15	27.32	27.57	28.67	74.00	1.55	72	72.00	75.00	75.00	75	5.32	0.11	5.18	5.18	5.40	5.40	5.40
Gypsy-72_BG-I_2p:ClassI:LTR:Gypsy	1275	237	3	0	3	0	30.93	1.21	29.71	29.71	30.94	32.13	32.13	79.00	6.93	75	75.00	75.00	87.00	87	6.20	0.54	5.88	5.88	5.88	6.82	6.82
Gypsy-74_BG-I_2p:ClassI:LTR:Gypsy	1244	4527	5	1	5	1	39.45	2.39	37.54	37.76	39.01	39.48	43.48	905.40	338.48	546	552.00	1011.00	1143.00	1275	72.78	27.21	43.89	44.37	81.27	91.88	102.49
Gypsy-7_SCH-I_2p:ClassI:LTR:Gypsy	1206	51	1	0	1	0	27.50	0.00	27.50	27.50	27.50	27.50	27.50	51.00	0.00	51	51.00	51.00	51.00	51	4.23	0.00	4.23	4.23	4.23	4.23	4.23
Gypsy-8_BG-I_2p:ClassI:LTR:Gypsy	1241	156	1	0	1	0	37.21	0.00	37.21	37.21	37.21	37.21	37.21	156.00	0.00	156	156.00	156.00	156.00	156	12.57	0.00	12.57	12.57	12.57	12.57	12.57
Gypsy-8_CCO-I_2p:ClassI:LTR:Gypsy	939	246	1	0	1	0	27.08	0.00	27.08	27.08	27.08	27.08	27.08	246.00	0.00	246	246.00	246.00	246.00	246	26.20	0.00	26.20	26.20	26.20	26.20	26.20
Gypsy-8_PIT-I_1p:ClassI:LTR:Gypsy	797	246	1	0	1	0	28.40	0.00	28.40	28.40	28.40	28.40	28.40	246.00	0.00	246	246.00	246.00	246.00	246	30.87	0.00	30.87	30.87	30.87	30.87	30.87
Gypsy-9_CCO-I_1p:ClassI:LTR:Gypsy	819	93	1	0	1	0	39.21	0.00	39.21	39.21	39.21	39.21	39.21	93.00	0.00	93	93.00	93.00	93.00	93	11.36	0.00	11.36	11.36	11.36	11.36	11.36
Gypsy1-PP_I_2p:ClassI:LTR:Gypsy	428	2307	8	0	8	0	35.67	3.79	29.87	33.88	35.68	37.74	42.46	288.38	210.93	36	93.00	285.00	570.00	570	67.38	49.28	8.41	21.73	66.59	133.18	133.18
Gypsy14-I_VC_1p:ClassI:LTR:Gypsy	1287	603	1	0	1	0	23.91	0.00	23.91	23.91	23.91	23.91	23.91	603.00	0.00	603	603.00	603.00	603.00	603	46.85	0.00	46.85	46.85	46.85	46.85	46.85
Gypsy145-I_DR_1p:ClassI:LTR:Gypsy	1180	66	1	0	1	0	27.56	0.00	27.56	27.56	27.56	27.56	27.56	66.00	0.00	66	66.00	66.00	66.00	66	5.59	0.00	5.59	5.59	5.59	5.59	5.59
Gypsy159-I_DR_1p:ClassI:LTR:Gypsy	1440	786	1	0	1	0	31.19	0.00	31.19	31.19	31.19	31.19	31.19	786.00	0.00	786	786.00	786.00	786.00	786	54.58	0.00	54.58	54.58	54.58	54.58	54.58
Gypsy2-I_AO-2p:ClassI:LTR:Gypsy	1246	5310	8	1	8	1	40.36	3.17	35.27	39.75	40.79	43.79	44.19	663.75	265.28	459	528.00	562.50	774.00	1269	53.27	21.29	36.84	42.38	45.14	62.12	101.85
Gypsy3-PP_I_1p:ClassI:LTR:Gypsy	711	93	1	0	1	0	42.61	0.00	42.61	42.61	42.61	42.61	42.61	93.00	0.00	93	93.00	93.00	93.00	93	13.08	0.00	13.08	13.08	13.08	13.08	13.08
Gypsy46-ZM_I_1p:ClassI:LTR:Gypsy	824	306	1	0	1	0	37.96	0.00	37.96	37.96	37.96	37.96	37.96	306.00	0.00	306	306.00	306.00	306.00	306	37.14	0.00	37.14	37.14	37.14	37.14	37.14
Gypsy62-I_DR_1p:ClassI:LTR:Gypsy	1409	144	2	0	2	0	26.75	0.20	26.61	26.61	26.75	26.89	26.89	72.00	8.49	66	66.00	72.00	78.00	78	5.11	0.60	4.68	4.68	5.11	5.54	5.54
Gypsy89-I_DR_1p:ClassI:LTR:Gypsy	1174	33	1	0	1	0	28.17	0.00	28.17	28.17	28.17	28.17	28.17	33.00	0.00	33	33.00	33.00	33.00	33	2.81	0.00	2.81	2.81	2.81	2.81	2.81
Harbinger-11_CCri_2p:ClassII:TIR:PIF-Harbinger	363	735	2	0	1	0	31.54	0.00	31.54	31.54	31.54	31.54	31.54	735.00	0.00	735	735.00	735.00	735.00	735	202.48	0.00	202.48	202.48	202.48	202.48	202.48
Harbinger-47_CCri_1p:ClassII:TIR:PIF-Harbinger	772	630	2	0	1	0	33.50	0.00	33.50	33.50	33.50	33.50	33.50	630.00	0.00	630	630.00	630.00	630.00	630	81.61	0.00	81.61	81.61	81.61	81.61	81.61
Harbinger-5_CCri_1p:ClassII:TIR:PIF-Harbinger	911	294	1	0	1	0	34.82	0.00	34.82	34.82	34.82	34.82	34.82	294.00	0.00	294	294.00	294.00	294.00	294	32.27	0.00	32.27	32.27	32.27	32.27	32.27
Harbinger-68_CCri_1p:ClassII:TIR:PIF-Harbinger	865	561	1	0	1	0	32.63	0.00	32.63	32.63	32.63	32.63	32.63	561.00	0.00	561	561.00	561.00	561.00	561	64.86	0.00	64.86	64.86	64.86	64.86	64.86
Harbinger-73_CCri_1p:ClassII:TIR:PIF-Harbinger	1169	1086	2	0	1	0	32.63	0.00	32.63	32.63	32.63	32.63	32.63	1086.00	0.00	1086	1086.00	1086.00	1086.00	1086	92.90	0.00	92.90	92.90	92.90	92.90	92.90
Harbinger-9_CCri_2p:ClassII:TIR:PIF-Harbinger	1627	3129	5	0	5	0	31.96	2.76	28.25	31.14	31.25	33.63	35.54	625.80	35.02	585	591.00	645.00	648.00	660	38.46	2.15	35.96	36.32	39.64	39.83	40.57
HAT-13_Mad_1p:ClassII:TIR:hAT	914	579	1	0	1	0	28.50	0.00	28.50	28.50	28.50	28.50	28.50	579.00	0.00	579	579.00	579.00	579.00	579	63.35	0.00	63.35	63.35	63.35	63.35	63.35
hAT-1_MLP_1p:ClassII:TIR:hAT	539	1062	1	0	1	0	26.15	0.00	26.15	26.15	26.15	26.15	26.15	1062.00	0.00	1062	1062.00	1062.00	1062.00	1062	197.03	0.00	197.03	197.03	197.03	197.03	197.03
HAT-9_Mad_1p:ClassII:TIR:hAT	764	216	1	0	1	0	22.87	0.00	22.87	22.87	22.87	22.87	22.87	216.00	0.00	216	216.00	216.00	216.00	216	28.27	0.00	28.27	28.27	28.27	28.27	28.27
HaTad1-3_BG_1p:ClassI:LINE:I	484	231	1	0	1	0	25.58	0.00	25.58	25.58	25.58	25.58	25.58	231.00	0.00	231	231.00	231.00	231.00	231	47.73	0.00	47.73	47.73	47.73	47.73	47.73
Helitron-1_DR_1p:ClassII:Helitron:Helitron	2505	78	1	0	1	0	31.40	0.00	31.40	31.40	31.40	31.40	31.40	78.00	0.00	78	78.00	78.00	78.00	78	3.11	0.00	3.11	3.11	3.11	3.11	3.11
Helitron-1_ROr_1p:ClassII:Helitron:Helitron	1308	6582	5	0	3	0	29.68	1.94	27.49	27.49	30.38	31.17	31.17	2194.00	660.04	1443	1443.00	2457.00	2682.00	2682	167.74	50.46	110.32	110.32	187.84	205.05	205.05
Helitron-4_DRh_2p:ClassII:Helitron:Helitron	704	192	1	0	1	0	26.87	0.00	26.87	26.87	26.87	26.87	26.87	192.00	0.00	192	192.00	192.00	192.00	192	27.27	0.00	27.27	27.27	27.27	27.27	27.27
Helitron-4_SPur_1p:ClassII:Helitron:Helitron	1584	1284	1	0	1	0	32.68	0.00	32.68	32.68	32.68	32.68	32.68	1284.00	0.00	1284	1284.00	1284.00	1284.00	1284	81.06	0.00	81.06	81.06	81.06	81.06	81.06
Helitron-5_NVi_1p:ClassII:Helitron:Helitron	1418	390	1	0	1	0	29.55	0.00	29.55	29.55	29.55	29.55	29.55	390.00	0.00	390	390.00	390.00	390.00	390	27.50	0.00	27.50	27.50	27.50	27.50	27.50
Helitron-8_CGi_1p:ClassII:Helitron:Helitron	2804	39	1	0	1	0	29.62	0.00	29.62	29.62	29.62	29.62	29.62	39.00	0.00	39	39.00	39.00	39.00	39	1.39	0.00	1.39	1.39	1.39	1.39	1.39
I-6_AO_2p:ClassI:LINE:I	1292	1215	1	0	1	0	29.32	0.00	29.32	29.32	29.32	29.32	29.32	1215.00	0.00	1215	1215.00	1215.00	1215.00	1215	94.04	0.00	94.04	94.04	94.04	94.04	94.04
IS4EU-1_BF2p:ClassII:?:ISL2EU	512	183	1	0	1	0	49.18	0.00	49.18	49.18	49.18	49.18	49.18	183.00	0.00	183	183.00	183.00	183.00	183	35.74	0.00	35.74	35.74	35.74	35.74	35.74
Kolobok-1_CCri_2p:ClassII:?:Kolobok	649	114	1	0	1	0	26.15	0.00	26.15	26.15	26.15	26.15	26.15	114.00	0.00	114	114.00	114.00	114.00	114	17.57	0.00	17.57	17.57	17.57	17.57	17.57
KolobokH-1A_RIr_1p:ClassII:?:Kolobok	1379	1371	1	1	1	1	29.33	0.00	29.33	29.33	29.33	29.33	29.33	1371.00	0.00	1371	1371.00	1371.00	1371.00	1371	99.42	0.00	99.42	99.42	99.42	99.42	99.42
KolobokH-1_RIr_1p:ClassII:?:Kolobok	1371	2577	2	1	2	1	28.33	4.85	24.90	24.90	28.33	31.76	31.76	1288.50	103.94	1215	1215.00	1288.50	1362.00	1362	93.98	7.58	88.62	88.62	93.98	99.34	99.34
KolobokH-3_RIr_1p:ClassII:?:Kolobok	1355	1905	2	0	2	0	29.70	1.85	28.39	28.39	29.70	31.00	31.00	952.50	167.58	834	834.00	952.50	1071.00	1071	70.30	12.37	61.55	61.55	70.30	79.04	79.04
MarCry-1_FO_1p:ClassII:TIR:Tc1-Mariner	381	417	4	0	4	0	29.94	2.68	26.57	29.09	30.30	32.58	32.58	104.25	95.95	21	24.00	94.50	207.00	207	27.36	25.18	5.51	6.30	24.80	54.33	54.33
Mariner-11_SS_1p:ClassII:TIR:Tc1-Mariner	539	63	3	0	3	0	27.71	1.89	26.41	26.41	26.84	29.87	29.87	21.00	0.00	21	21.00	21.00	21.00	21	3.90	0.00	3.90	3.90	3.90	3.90	3.90
Mariner-13_SS_1p:ClassII:TIR:Tc1-Mariner	568	12156	24	0	24	0	31.24	3.85	26.76	28.88	30.48	32.31	42.28	506.50	412.81	27	105.00	453.00	903.00	1428	89.17	72.68	4.75	18.49	79.75	158.98	251.41
Mariner-1_ABr_1p:ClassII:TIR:Tc1-Mariner	616	13347	15	0	15	0	38.73	6.82	30.37	32.54	36.66	43.97	51.14	889.80	344.90	264	648.00	924.00	1161.00	1458	144.45	55.99	42.86	105.19	150.00	188.47	236.69
Mariner-1_AFp:ClassII:TIR:Tc1-Mariner	556	249	2	0	2	0	28.41	1.77	27.15	27.15	28.41	29.66	29.66	124.50	74.25	72	72.00	124.50	177.00	177	22.39	13.35	12.95	12.95	22.39	31.83	31.83
Mariner-1_ANp:ClassII:TIR:Tc1-Mariner	364	1047	1	0	1	0	41.58	0.00	41.58	41.58	41.58	41.58	41.58	1047.00	0.00	1047	1047.00	1047.00	1047.00	1047	287.64	0.00	287.64	287.64	287.64	287.64	287.64
Mariner-1_SS_1p:ClassII:TIR:Tc1-Mariner	542	26442	33	0	33	0	28.97	1.16	27.04	28.25	28.86	29.86	31.27	827.91	305.91	27	699.00	903.00	1056.00	1134	152.75	56.44	4.98	128.97	166.61	194.83	209.23
Mariner-24_CGi_1p:ClassII:TIR:Tc1-Mariner	568	93	1	0	1	0	27.10	0.00	27.10	27.10	27.10	27.10	27.10	93.00	0.00	93	93.00	93.00	93.00	93	16.37	0.00	16.37	16.37	16.37	16.37	16.37
Mariner-2_SS_1p:ClassII:TIR:Tc1-Mariner	550	4740	11	0	11	0	30.12	2.13	27.18	28.32	30.87	31.83	32.77	430.91	475.96	21	21.00	216.00	933.00	1263	78.35	86.54	3.82	3.82	39.27	169.64	229.64
Mariner-3_SS_1p:ClassII:TIR:Tc1-Mariner	547	10932	24	0	24	0	27.34	1.26	24.66	26.07	27.52	28.35	29.45	455.50	578.42	21	69.00	112.50	1179.00	1515	83.27	105.74	3.84	12.61	20.57	215.54	276.97
Mariner-4_SS_1p:ClassII:TIR:Tc1-Mariner	547	24283	30	0	29	0	30.12	5.70	25.46	27.84	28.68	29.14	50.00	837.34	506.60	48	489.00	879.00	1218.00	1596	153.08	92.61	8.78	89.40	160.69	222.67	291.77
Mariner-5_SS_1p:ClassII:TIR:Tc1-Mariner	550	5007	9	1	9	1	29.84	2.54	27.73	27.83	29.36	30.79	35.77	556.33	487.63	21	21.00	573.00	768.00	1248	101.15	88.66	3.82	3.82	104.18	139.64	226.91
Mariner-6_ANp:ClassII:TIR:Tc1-Mariner	457	123	1	0	1	0	30.23	0.00	30.23	30.23	30.23	30.23	30.23	123.00	0.00	123	123.00	123.00	123.00	123	26.91	0.00	26.91	26.91	26.91	26.91	26.91
Mariner-6_SS_1p:ClassII:TIR:Tc1-Mariner	547	207	2	0	2	0	26.59	0.01	26.58	26.58	26.59	26.59	26.59	103.50	40.31	75	75.00	103.50	132.00	132	18.92	7.37	13.71	13.71	18.92	24.13	24.13
Mariner-7_SS_1p:ClassII:?:?	547	16863	28	2	28	2	29.32	2.32	26.57	27.85	28.95	30.24	38.76	602.25	482.22	54	153.00	520.50	1119.00	1425	110.10	88.16	9.87	27.97	95.16	204.57	260.51
Mariner-9_AN_1p:ClassII:TIR:Tc1-Mariner	622	207	3	0	3	0	38.18	6.04	31.21	31.21	41.67	41.67	41.67	69.00	78.00	21	21.00	27.00	159.00	159	11.09	12.54	3.38	3.38	4.34	25.56	25.56
Mariner-9_SS_1p:ClassII:?:?	551	4650	24	3	24	3	29.17	1.90	25.47	28.01	29.77	30.39	32.86	193.75	235.75	27	42.00	64.50	267.00	840	35.16	42.79	4.90	7.62	11.71	48.46	152.45
Mariner2_AOp:ClassII:TIR:Tc1-Mariner	558	1152	2	0	2	0	28.35	0.03	28.33	28.33	28.35	28.37	28.37	576.00	674.58	99	99.00	576.00	1053.00	1053	103.23	120.89	17.74	17.74	103.23	188.71	188.71
MarinerL-1_AO-1p:ClassII:TIR:Tc1-Mariner	326	957	2	0	2	0	62.02	7.30	56.86	56.86	62.02	67.19	67.19	478.50	405.17	192	192.00	478.50	765.00	765	146.78	124.29	58.90	58.90	146.78	234.66	234.66
MuDR-17_CCri_2p:ClassII:TIR:MuDR	511	2343	7	0	7	0	37.61	2.61	33.33	35.29	38.35	39.83	40.71	334.71	96.47	120	348.00	360.00	381.00	402	65.50	18.88	23.48	68.10	70.45	74.56	78.67
PCretro6_I_1p:ClassI:LTR:Copia	1388	1131	1	0	1	0	30.61	0.00	30.61	30.61	30.61	30.61	30.61	1131.00	0.00	1131	1131.00	1131.00	1131.00	1131	81.48	0.00	81.48	81.48	81.48	81.48	81.48
Polinton-2_HM_12p:ClassII:Maverick:Maverick	418	789	1	0	1	0	31.83	0.00	31.83	31.83	31.83	31.83	31.83	789.00	0.00	789	789.00	789.00	789.00	789	188.76	0.00	188.76	188.76	188.76	188.76	188.76
Polinton-3_HM_1p:ClassII:Maverick:Maverick	430	39	1	0	1	0	29.87	0.00	29.87	29.87	29.87	29.87	29.87	39.00	0.00	39	39.00	39.00	39.00	39	9.07	0.00	9.07	9.07	9.07	9.07	9.07
R1-2_AP_2p:ClassI:LINE:I	1073	57	1	0	1	0	23.61	0.00	23.61	23.61	23.61	23.61	23.61	57.00	0.00	57	57.00	57.00	57.00	57	5.31	0.00	5.31	5.31	5.31	5.31	5.31
REAL_AA_1p:ClassI:LTR:Gypsy	1243	612	1	0	1	0	42.16	0.00	42.16	42.16	42.16	42.16	42.16	612.00	0.00	612	612.00	612.00	612.00	612	49.24	0.00	49.24	49.24	49.24	49.24	49.24
RPS2_1p:ClassI:?:?	295	744	2	0	1	0	54.03	0.00	54.03	54.03	54.03	54.03	54.03	744.00	0.00	744	744.00	744.00	744.00	744	252.20	0.00	252.20	252.20	252.20	252.20	252.20
Sola1-2C_CCri_2p:ClassII:?:Sola	1186	2190	5	0	4	0	38.10	9.55	29.19	33.13	36.05	51.10	51.10	547.50	90.81	441	540.00	543.00	663.00	663	46.16	7.66	37.18	45.53	45.78	55.90	55.90
Tad1-1_EP_2p:ClassI:LINE:I	1356	45	1	0	1	0	25.51	0.00	25.51	25.51	25.51	25.51	25.51	45.00	0.00	45	45.00	45.00	45.00	45	3.32	0.00	3.32	3.32	3.32	3.32	3.32
Tad1-24_BG_2p:ClassI:LINE:I	1125	2634	1	0	1	0	37.25	0.00	37.25	37.25	37.25	37.25	37.25	2634.00	0.00	2634	2634.00	2634.00	2634.00	2634	234.13	0.00	234.13	234.13	234.13	234.13	234.13
Tad1-57_BG_1p:ClassI:LINE:I	471	672	1	0	1	0	27.51	0.00	27.51	27.51	27.51	27.51	27.51	672.00	0.00	672	672.00	672.00	672.00	672	142.68	0.00	142.68	142.68	142.68	142.68	142.68
Tad1-5_PGr_1p:ClassI:LINE:I	423	495	1	0	1	0	24.94	0.00	24.94	24.94	24.94	24.94	24.94	495.00	0.00	495	495.00	495.00	495.00	495	117.02	0.00	117.02	117.02	117.02	117.02	117.02
Tad1-70_BG_2p:ClassI:LINE:I	1124	3267	1	0	1	0	26.77	0.00	26.77	26.77	26.77	26.77	26.77	3267.00	0.00	3267	3267.00	3267.00	3267.00	3267	290.66	0.00	290.66	290.66	290.66	290.66	290.66
TCA5_I_1p:ClassI:LTR:Copia	1354	219	1	0	1	0	29.33	0.00	29.33	29.33	29.33	29.33	29.33	219.00	0.00	219	219.00	219.00	219.00	219	16.17	0.00	16.17	16.17	16.17	16.17	16.17
TCN1-I_2p:ClassI:LTR:Gypsy	1160	579	3	0	3	0	28.98	1.55	27.19	27.19	29.88	29.88	29.88	193.00	12.12	186	186.00	186.00	207.00	207	16.64	1.05	16.03	16.03	16.03	17.84	17.84
TNT1_I_1p:ClassI:LTR:Copia	1328	4170	3	0	3	0	29.98	4.81	27.06	27.06	27.36	35.53	35.53	1390.00	1493.51	66	66.00	1095.00	3009.00	3009	104.67	112.46	4.97	4.97	82.45	226.58	226.58
