cluster	sequencesNb	sizeOfSmallestSeq	sizeOfLargestSeq	averageSize	medSize
1	144	289	22668	7463	6919
2	138	644	24531	10121	9261
3	26	147	23473	6397	4811
4	12	2270	25423	13816	13803
5	12	1847	15029	5130	1890
6	10	2113	13177	5381	4811
7	9	8263	23505	11641	8792
8	6	1452	20773	11492	13328
9	6	2189	13135	7062	6648
10	6	1451	8142	4706	4847
11	6	1343	5527	3690	4310
12	5	114	23986	16630	20014
13	5	838	16520	9041	9850
14	5	7007	14325	8682	7424
15	5	164	13516	4729	3326
16	5	4666	10590	7253	5303
17	5	202	8504	3878	3047
18	4	5480	16441	10201	9442
19	4	6001	16053	10300	9573
20	4	1053	15222	6823	5508
21	4	7414	14429	9348	7775
22	4	1821	10713	5887	5508
23	4	435	9693	3928	2793
24	3	4708	23601	12836	10199
25	3	1639	14756	10158	14080
26	3	6147	11807	8089	6315
27	3	2432	8633	6137	7347
28	3	6657	6762	6726	6760
29	3	636	6186	3611	4012
30	3	1593	3021	2117	1737
31	3	2114	2127	2121	2123
32	3	2108	2113	2110	2111
33	3	1627	1730	1678	1678
34	2	5875	19011	12443	12443
35	2	8102	15803	11952	11952
36	2	6033	15225	10629	10629
37	2	7111	14053	10582	10582
38	2	7029	13862	10445	10445
39	2	6820	13100	9960	9960
40	2	3682	12589	8135	8135
41	2	2801	12350	7575	7575
42	2	533	10806	5669	5669
43	2	2107	9118	5612	5612
44	2	6309	9112	7710	7710
45	2	1189	8989	5089	5089
46	2	422	7716	4069	4069
47	2	2127	7569	4848	4848
48	2	7231	7245	7238	7238
49	2	6414	6610	6512	6512
50	2	1464	6238	3851	3851
51	2	5938	6000	5969	5969
52	2	2147	5977	4062	4062
53	2	4720	5814	5267	5267
54	2	5756	5766	5761	5761
55	2	5109	5547	5328	5328
56	2	5431	5540	5485	5485
57	2	1979	5401	3690	3690
58	2	5342	5364	5353	5353
59	2	1252	5296	3274	3274
60	2	1890	4986	3438	3438
61	2	1246	4212	2729	2729
62	2	1891	4203	3047	3047
63	2	2103	2108	2105	2105
64	2	2103	2103	2103	2103
65	2	895	2102	1498	1498
66	2	1791	2095	1943	1943
67	2	634	2002	1318	1318
68	2	1857	1881	1869	1869
69	2	1600	1605	1602	1602
70	2	1472	1496	1484	1484
71	2	1053	1058	1055	1055
72	1	22748	22748	22748	22748
73	1	21753	21753	21753	21753
74	1	21339	21339	21339	21339
75	1	20072	20072	20072	20072
76	1	19899	19899	19899	19899
77	1	19826	19826	19826	19826
78	1	19396	19396	19396	19396
79	1	18426	18426	18426	18426
80	1	18154	18154	18154	18154
81	1	17973	17973	17973	17973
82	1	17747	17747	17747	17747
83	1	17632	17632	17632	17632
84	1	17495	17495	17495	17495
85	1	16695	16695	16695	16695
86	1	16085	16085	16085	16085
87	1	15817	15817	15817	15817
88	1	15637	15637	15637	15637
89	1	14998	14998	14998	14998
90	1	14985	14985	14985	14985
91	1	14796	14796	14796	14796
92	1	14776	14776	14776	14776
93	1	14733	14733	14733	14733
94	1	14561	14561	14561	14561
95	1	14474	14474	14474	14474
96	1	14220	14220	14220	14220
97	1	14119	14119	14119	14119
98	1	13820	13820	13820	13820
99	1	13677	13677	13677	13677
100	1	13613	13613	13613	13613
101	1	13542	13542	13542	13542
102	1	13455	13455	13455	13455
103	1	13310	13310	13310	13310
104	1	13283	13283	13283	13283
105	1	13205	13205	13205	13205
106	1	13102	13102	13102	13102
107	1	13080	13080	13080	13080
108	1	13005	13005	13005	13005
109	1	12540	12540	12540	12540
110	1	12525	12525	12525	12525
111	1	12426	12426	12426	12426
112	1	12341	12341	12341	12341
113	1	12321	12321	12321	12321
114	1	12314	12314	12314	12314
115	1	11972	11972	11972	11972
116	1	11369	11369	11369	11369
117	1	11299	11299	11299	11299
118	1	11044	11044	11044	11044
119	1	10964	10964	10964	10964
120	1	10582	10582	10582	10582
121	1	10548	10548	10548	10548
122	1	10378	10378	10378	10378
123	1	10367	10367	10367	10367
124	1	10362	10362	10362	10362
125	1	10191	10191	10191	10191
126	1	9901	9901	9901	9901
127	1	9826	9826	9826	9826
128	1	9711	9711	9711	9711
129	1	9710	9710	9710	9710
130	1	9666	9666	9666	9666
131	1	9453	9453	9453	9453
132	1	9439	9439	9439	9439
133	1	9420	9420	9420	9420
134	1	9403	9403	9403	9403
135	1	9292	9292	9292	9292
136	1	9238	9238	9238	9238
137	1	9237	9237	9237	9237
138	1	9165	9165	9165	9165
139	1	9080	9080	9080	9080
140	1	8981	8981	8981	8981
141	1	8826	8826	8826	8826
142	1	8810	8810	8810	8810
143	1	8783	8783	8783	8783
144	1	8645	8645	8645	8645
145	1	8595	8595	8595	8595
146	1	8428	8428	8428	8428
147	1	8400	8400	8400	8400
148	1	8381	8381	8381	8381
149	1	8381	8381	8381	8381
150	1	8362	8362	8362	8362
151	1	8277	8277	8277	8277
152	1	8275	8275	8275	8275
153	1	8270	8270	8270	8270
154	1	8270	8270	8270	8270
155	1	8193	8193	8193	8193
156	1	8179	8179	8179	8179
157	1	8122	8122	8122	8122
158	1	8118	8118	8118	8118
159	1	7970	7970	7970	7970
160	1	7930	7930	7930	7930
161	1	7897	7897	7897	7897
162	1	7846	7846	7846	7846
163	1	7654	7654	7654	7654
164	1	7636	7636	7636	7636
165	1	7544	7544	7544	7544
166	1	7451	7451	7451	7451
167	1	7446	7446	7446	7446
168	1	7331	7331	7331	7331
169	1	7331	7331	7331	7331
170	1	7267	7267	7267	7267
171	1	7211	7211	7211	7211
172	1	7165	7165	7165	7165
173	1	7151	7151	7151	7151
174	1	7118	7118	7118	7118
175	1	7013	7013	7013	7013
176	1	6975	6975	6975	6975
177	1	6964	6964	6964	6964
178	1	6915	6915	6915	6915
179	1	6846	6846	6846	6846
180	1	6842	6842	6842	6842
181	1	6777	6777	6777	6777
182	1	6768	6768	6768	6768
183	1	6718	6718	6718	6718
184	1	6649	6649	6649	6649
185	1	6627	6627	6627	6627
186	1	6588	6588	6588	6588
187	1	6574	6574	6574	6574
188	1	6561	6561	6561	6561
189	1	6457	6457	6457	6457
190	1	6449	6449	6449	6449
191	1	6415	6415	6415	6415
192	1	6408	6408	6408	6408
193	1	6394	6394	6394	6394
194	1	6362	6362	6362	6362
195	1	6337	6337	6337	6337
196	1	6337	6337	6337	6337
197	1	6329	6329	6329	6329
198	1	6313	6313	6313	6313
199	1	6270	6270	6270	6270
200	1	6228	6228	6228	6228
201	1	6213	6213	6213	6213
202	1	6106	6106	6106	6106
203	1	6081	6081	6081	6081
204	1	6039	6039	6039	6039
205	1	6010	6010	6010	6010
206	1	5997	5997	5997	5997
207	1	5955	5955	5955	5955
208	1	5954	5954	5954	5954
209	1	5925	5925	5925	5925
210	1	5919	5919	5919	5919
211	1	5906	5906	5906	5906
212	1	5876	5876	5876	5876
213	1	5832	5832	5832	5832
214	1	5760	5760	5760	5760
215	1	5730	5730	5730	5730
216	1	5686	5686	5686	5686
217	1	5678	5678	5678	5678
218	1	5632	5632	5632	5632
219	1	5599	5599	5599	5599
220	1	5594	5594	5594	5594
221	1	5566	5566	5566	5566
222	1	5561	5561	5561	5561
223	1	5559	5559	5559	5559
224	1	5557	5557	5557	5557
225	1	5526	5526	5526	5526
226	1	5518	5518	5518	5518
227	1	5488	5488	5488	5488
228	1	5433	5433	5433	5433
229	1	5415	5415	5415	5415
230	1	5403	5403	5403	5403
231	1	5391	5391	5391	5391
232	1	5388	5388	5388	5388
233	1	5385	5385	5385	5385
234	1	5381	5381	5381	5381
235	1	5369	5369	5369	5369
236	1	5349	5349	5349	5349
237	1	5326	5326	5326	5326
238	1	5268	5268	5268	5268
239	1	5266	5266	5266	5266
240	1	5258	5258	5258	5258
241	1	5251	5251	5251	5251
242	1	5239	5239	5239	5239
243	1	5192	5192	5192	5192
244	1	5186	5186	5186	5186
245	1	5169	5169	5169	5169
246	1	5168	5168	5168	5168
247	1	5157	5157	5157	5157
248	1	5125	5125	5125	5125
249	1	5019	5019	5019	5019
250	1	4583	4583	4583	4583
251	1	4552	4552	4552	4552
252	1	4539	4539	4539	4539
253	1	4515	4515	4515	4515
254	1	4511	4511	4511	4511
255	1	4466	4466	4466	4466
256	1	4427	4427	4427	4427
257	1	4398	4398	4398	4398
258	1	4332	4332	4332	4332
259	1	4284	4284	4284	4284
260	1	4230	4230	4230	4230
261	1	4203	4203	4203	4203
262	1	4175	4175	4175	4175
263	1	4157	4157	4157	4157
264	1	4141	4141	4141	4141
265	1	4054	4054	4054	4054
266	1	4036	4036	4036	4036
267	1	4006	4006	4006	4006
268	1	4003	4003	4003	4003
269	1	3991	3991	3991	3991
270	1	3927	3927	3927	3927
271	1	3893	3893	3893	3893
272	1	3777	3777	3777	3777
273	1	3767	3767	3767	3767
274	1	3747	3747	3747	3747
275	1	3740	3740	3740	3740
276	1	3702	3702	3702	3702
277	1	3624	3624	3624	3624
278	1	3618	3618	3618	3618
279	1	3609	3609	3609	3609
280	1	3582	3582	3582	3582
281	1	3576	3576	3576	3576
282	1	3557	3557	3557	3557
283	1	3557	3557	3557	3557
284	1	3502	3502	3502	3502
285	1	3431	3431	3431	3431
286	1	3403	3403	3403	3403
287	1	3396	3396	3396	3396
288	1	3395	3395	3395	3395
289	1	3381	3381	3381	3381
290	1	3361	3361	3361	3361
291	1	3330	3330	3330	3330
292	1	3328	3328	3328	3328
293	1	3310	3310	3310	3310
294	1	3291	3291	3291	3291
295	1	3273	3273	3273	3273
296	1	3268	3268	3268	3268
297	1	3200	3200	3200	3200
298	1	3195	3195	3195	3195
299	1	3187	3187	3187	3187
300	1	3133	3133	3133	3133
301	1	3024	3024	3024	3024
302	1	3021	3021	3021	3021
303	1	3011	3011	3011	3011
304	1	2988	2988	2988	2988
305	1	2940	2940	2940	2940
306	1	2936	2936	2936	2936
307	1	2854	2854	2854	2854
308	1	2853	2853	2853	2853
309	1	2852	2852	2852	2852
310	1	2839	2839	2839	2839
311	1	2837	2837	2837	2837
312	1	2798	2798	2798	2798
313	1	2792	2792	2792	2792
314	1	2788	2788	2788	2788
315	1	2762	2762	2762	2762
316	1	2762	2762	2762	2762
317	1	2762	2762	2762	2762
318	1	2751	2751	2751	2751
319	1	2733	2733	2733	2733
320	1	2699	2699	2699	2699
321	1	2676	2676	2676	2676
322	1	2667	2667	2667	2667
323	1	2584	2584	2584	2584
324	1	2555	2555	2555	2555
325	1	2538	2538	2538	2538
326	1	2536	2536	2536	2536
327	1	2534	2534	2534	2534
328	1	2501	2501	2501	2501
329	1	2495	2495	2495	2495
330	1	2468	2468	2468	2468
331	1	2451	2451	2451	2451
332	1	2441	2441	2441	2441
333	1	2412	2412	2412	2412
334	1	2387	2387	2387	2387
335	1	2385	2385	2385	2385
336	1	2359	2359	2359	2359
337	1	2313	2313	2313	2313
338	1	2308	2308	2308	2308
339	1	2299	2299	2299	2299
340	1	2278	2278	2278	2278
341	1	2266	2266	2266	2266
342	1	2252	2252	2252	2252
343	1	2229	2229	2229	2229
344	1	2227	2227	2227	2227
345	1	2225	2225	2225	2225
346	1	2201	2201	2201	2201
347	1	2196	2196	2196	2196
348	1	2161	2161	2161	2161
349	1	2156	2156	2156	2156
350	1	2154	2154	2154	2154
351	1	2153	2153	2153	2153
352	1	2147	2147	2147	2147
353	1	2142	2142	2142	2142
354	1	2131	2131	2131	2131
355	1	2130	2130	2130	2130
356	1	2123	2123	2123	2123
357	1	2121	2121	2121	2121
358	1	2115	2115	2115	2115
359	1	2114	2114	2114	2114
360	1	2113	2113	2113	2113
361	1	2112	2112	2112	2112
362	1	2101	2101	2101	2101
363	1	2100	2100	2100	2100
364	1	2095	2095	2095	2095
365	1	2088	2088	2088	2088
366	1	2081	2081	2081	2081
367	1	2079	2079	2079	2079
368	1	2079	2079	2079	2079
369	1	2074	2074	2074	2074
370	1	2074	2074	2074	2074
371	1	2071	2071	2071	2071
372	1	2030	2030	2030	2030
373	1	2016	2016	2016	2016
374	1	2016	2016	2016	2016
375	1	1971	1971	1971	1971
376	1	1954	1954	1954	1954
377	1	1954	1954	1954	1954
378	1	1949	1949	1949	1949
379	1	1948	1948	1948	1948
380	1	1930	1930	1930	1930
381	1	1927	1927	1927	1927
382	1	1905	1905	1905	1905
383	1	1893	1893	1893	1893
384	1	1879	1879	1879	1879
385	1	1874	1874	1874	1874
386	1	1871	1871	1871	1871
387	1	1862	1862	1862	1862
388	1	1862	1862	1862	1862
389	1	1855	1855	1855	1855
390	1	1852	1852	1852	1852
391	1	1851	1851	1851	1851
392	1	1851	1851	1851	1851
393	1	1849	1849	1849	1849
394	1	1848	1848	1848	1848
395	1	1844	1844	1844	1844
396	1	1839	1839	1839	1839
397	1	1804	1804	1804	1804
398	1	1792	1792	1792	1792
399	1	1792	1792	1792	1792
400	1	1786	1786	1786	1786
401	1	1786	1786	1786	1786
402	1	1746	1746	1746	1746
403	1	1734	1734	1734	1734
404	1	1718	1718	1718	1718
405	1	1712	1712	1712	1712
406	1	1711	1711	1711	1711
407	1	1710	1710	1710	1710
408	1	1696	1696	1696	1696
409	1	1683	1683	1683	1683
410	1	1675	1675	1675	1675
411	1	1673	1673	1673	1673
412	1	1672	1672	1672	1672
413	1	1666	1666	1666	1666
414	1	1665	1665	1665	1665
415	1	1626	1626	1626	1626
416	1	1594	1594	1594	1594
417	1	1588	1588	1588	1588
418	1	1584	1584	1584	1584
419	1	1555	1555	1555	1555
420	1	1540	1540	1540	1540
421	1	1537	1537	1537	1537
422	1	1513	1513	1513	1513
423	1	1512	1512	1512	1512
424	1	1482	1482	1482	1482
425	1	1419	1419	1419	1419
426	1	1407	1407	1407	1407
427	1	1355	1355	1355	1355
428	1	1311	1311	1311	1311
429	1	1296	1296	1296	1296
430	1	1293	1293	1293	1293
431	1	1241	1241	1241	1241
432	1	1237	1237	1237	1237
433	1	1212	1212	1212	1212
434	1	1181	1181	1181	1181
435	1	1174	1174	1174	1174
436	1	1170	1170	1170	1170
437	1	1130	1130	1130	1130
438	1	1119	1119	1119	1119
439	1	1098	1098	1098	1098
440	1	1090	1090	1090	1090
441	1	1063	1063	1063	1063
442	1	1053	1053	1053	1053
443	1	1037	1037	1037	1037
444	1	1014	1014	1014	1014
445	1	1010	1010	1010	1010
446	1	988	988	988	988
447	1	977	977	977	977
448	1	957	957	957	957
449	1	938	938	938	938
450	1	919	919	919	919
451	1	814	814	814	814
452	1	810	810	810	810
453	1	789	789	789	789
454	1	771	771	771	771
455	1	756	756	756	756
456	1	683	683	683	683
457	1	552	552	552	552
458	1	539	539	539	539
459	1	533	533	533	533
460	1	526	526	526	526
461	1	503	503	503	503
462	1	501	501	501	501
463	1	493	493	493	493
464	1	431	431	431	431
465	1	429	429	429	429
466	1	421	421	421	421
467	1	410	410	410	410
468	1	403	403	403	403
469	1	385	385	385	385
470	1	375	375	375	375
471	1	312	312	312	312
472	1	294	294	294	294
473	1	294	294	294	294
474	1	262	262	262	262
475	1	241	241	241	241
476	1	217	217	217	217
477	1	177	177	177	177
478	1	167	167	167	167
479	1	164	164	164	164
480	1	161	161	161	161
481	1	161	161	161	161
482	1	161	161	161	161
483	1	160	160	160	160
484	1	149	149	149	149
485	1	131	131	131	131
486	1	129	129	129	129
487	1	128	128	128	128
488	1	128	128	128	128
489	1	113	113	113	113
