TE	length	covg	frags	fullLgthFrags	copies	fullLgthCopies	meanId	sdId	minId	q25Id	medId	q75Id	maxId	meanLgth	sdLgth	minLgth	q25Lgth	medLgth	q75Lgth	maxLgth	meanLgthPerc	sdLgthPerc	minLgthPerc	q25LgthPerc	medLgthPerc	q75LgthPerc	maxLgthPerc
DHX-incomp_CS10-B-G138-Map19_reversed	6578	6785	14	0	14	0	80.54	8.02	64.80	78.70	80.90	83.90	92.70	484.64	1425.14	34	56.00	70.00	214.00	5429	7.37	21.67	0.52	0.85	1.06	3.25	82.53
DHX-incomp_CS10-B-G139-Map20	6718	27718	35	1	33	2	82.45	8.36	64.20	77.00	81.80	89.42	99.70	839.94	1960.84	31	70.00	105.00	143.00	6737	12.50	29.19	0.46	1.04	1.56	2.13	100.28
DHX-incomp_CS10-B-G140-Map5_reversed	5735	5994	11	0	11	0	80.77	9.34	65.50	73.50	78.10	87.20	95.50	544.91	1456.76	22	59.00	113.00	142.00	4933	9.50	25.40	0.38	1.03	1.97	2.48	86.02
DHX-incomp_CS10-B-G145-Map3_reversed	6579	20729	16	2	12	2	90.55	10.01	65.50	83.70	95.54	97.30	99.70	1728.25	2574.21	116	255.00	292.00	4353.00	6647	26.27	39.13	1.76	3.88	4.44	66.17	101.03
DHX-incomp_CS10-B-G22-Map20_reversed	7636	2918	7	0	7	0	79.91	9.23	65.50	73.80	77.80	88.30	93.00	416.86	561.21	73	133.00	173.00	501.00	1649	5.46	7.35	0.96	1.74	2.27	6.56	21.60
DHX-incomp_CS10-L-B47-Map1	8633	7715	10	0	9	0	88.80	9.87	65.10	86.49	92.70	95.50	96.30	862.89	1533.47	34	246.00	306.00	764.00	4883	10.00	17.76	0.39	2.85	3.54	8.85	56.56
DHX-incomp_CS10_RS_12	7347	4115	28	0	27	0	79.20	5.74	65.10	75.40	79.30	82.90	92.70	152.41	162.33	34	80.00	111.00	179.00	895	2.07	2.21	0.46	1.09	1.51	2.44	12.18
DHX-incomp_Ptr_1CBFP-B-R311-Map3_reversed	1246	499	4	0	4	0	76.05	1.98	74.80	75.00	75.20	79.00	79.00	124.75	64.97	72	91.00	104.50	218.00	218	10.01	5.21	5.78	7.30	8.39	17.50	17.50
DTX-comp_CS10-B-G109-Map8_reversed	3403	10255	6	3	6	3	97.07	3.37	90.90	96.50	97.50	100.00	100.00	1716.83	1831.11	44	46.00	1702.50	3402.00	3404	50.45	53.81	1.29	1.35	50.03	99.97	100.03
DTX-comp_CS10-B-G114-Map4	3744	18364	9	4	9	4	81.78	9.08	65.90	75.50	84.00	88.70	92.20	2040.44	1836.39	21	47.00	3151.00	3685.00	3697	54.50	49.05	0.56	1.26	84.16	98.42	98.74
DTX-comp_CS10-B-G32-Map6_reversed	1868	3602	10	1	10	1	87.78	6.89	77.00	81.70	88.55	93.80	94.90	366.80	556.94	66	78.00	132.50	434.00	1865	19.64	29.81	3.53	4.18	7.09	23.23	99.84
DTX-comp_CS10-B-G50-Map6	1879	6328	11	2	10	2	87.89	8.84	72.90	79.60	89.91	95.50	96.10	632.80	726.33	45	160.00	174.00	1018.00	1862	33.68	38.65	2.39	8.52	9.26	54.18	99.10
DTX-comp_CS10-B-G66-Map11	1853	6582	6	3	6	3	89.33	6.84	81.70	82.80	89.20	93.60	99.50	1097.00	848.61	153	180.00	1272.00	1851.00	1854	59.20	45.80	8.26	9.71	68.65	99.89	100.05
DTX-comp_CS10-B-G67-Map7_reversed	1858	9208	11	4	11	4	88.41	6.58	80.30	82.10	88.50	92.00	99.90	837.09	827.85	29	111.00	530.00	1855.00	1860	45.05	44.56	1.56	5.97	28.53	99.84	100.11
DTX-comp_CS10-B-G74-Map20	1866	20349	22	8	21	8	97.31	4.49	81.28	98.30	98.40	99.60	99.70	1065.10	692.82	284	477.00	718.00	1854.00	1864	57.08	37.13	15.22	25.56	38.48	99.36	99.89
DTX-comp_CS10-B-G81-Map12	2134	4252	2	2	2	2	97.30	0.14	97.20	97.20	97.30	97.40	97.40	2126.00	9.90	2119	2119.00	2126.00	2133.00	2133	99.63	0.46	99.30	99.30	99.63	99.95	99.95
DTX-comp_CS10-B-G88-Map13	2683	15569	16	3	14	4	83.70	15.61	58.20	66.46	92.20	96.80	98.80	1112.07	1125.08	23	91.00	702.00	2585.00	2670	41.45	41.93	0.86	3.39	26.16	96.35	99.52
DTX-comp_CS10-B-P10.35-Map6	1605	17860	13	10	12	11	96.03	9.87	64.70	98.40	98.95	99.16	99.20	1488.33	394.45	236	1597.00	1599.50	1603.00	1623	92.73	24.58	14.70	99.50	99.66	99.88	101.12
DTX-comp_CS10-B-P11.13-Map5	1864	7766	9	3	9	3	89.72	5.89	81.20	86.60	88.10	95.20	98.50	872.22	823.91	29	84.00	538.00	1859.00	1871	46.79	44.20	1.56	4.51	28.86	99.73	100.38
DTX-comp_CS10-B-P21.26-Map14	2122	5066	6	2	6	2	84.70	13.07	61.30	80.40	88.05	95.20	95.20	844.33	962.74	106	107.00	348.00	2064.00	2093	39.79	45.37	5.00	5.04	16.40	97.27	98.63
DTX-comp_CS10-B-P29.22-Map3_reversed	1852	11040	15	4	15	4	94.11	7.74	75.10	94.80	96.40	99.10	99.20	736.00	725.86	49	87.00	424.00	1847.00	1856	39.74	39.19	2.65	4.70	22.89	99.73	100.22
DTX-comp_CS10-B-P30.21-Map8_reversed	1496	16730	16	10	15	10	91.35	9.33	72.30	85.95	95.70	98.50	99.30	1116.73	599.39	21	819.00	1490.00	1494.00	1496	74.65	40.07	1.40	54.75	99.60	99.87	100.00
DTX-comp_CS10-B-P35.17-Map20	2162	32808	34	13	29	13	86.90	11.06	71.40	77.50	84.30	99.20	99.40	1131.31	978.52	26	140.00	967.00	2161.00	2171	52.33	45.26	1.20	6.48	44.73	99.95	100.42
DTX-comp_CS10-B-P54.1-Map3_reversed	1842	2065	4	1	4	1	98.65	1.19	97.30	98.00	98.80	99.70	99.70	516.25	878.34	52	61.00	90.00	1833.00	1833	28.03	47.68	2.82	3.31	4.89	99.51	99.51
DTX-comp_CS10-B-R111-Map4	2788	4260	4	1	4	1	95.22	5.09	88.90	93.30	96.20	99.60	99.60	1065.00	1210.21	42	443.00	717.00	2784.00	2784	38.20	43.41	1.51	15.89	25.72	99.86	99.86
DTX-comp_CS10-B-R118-Map10	1854	13782	18	6	17	6	91.41	9.86	74.55	83.60	96.60	98.90	100.00	847.29	794.09	31	137.00	557.00	1847.00	1917	45.70	42.83	1.67	7.39	30.04	99.62	103.40
DTX-comp_CS10-B-R176-Map4_reversed	2002	15323	15	5	14	5	90.54	5.55	79.00	88.50	91.70	94.30	97.70	1094.50	832.86	86	418.00	995.50	2002.00	2008	54.67	41.60	4.30	20.88	49.73	100.00	100.30
DTX-comp_CS10-B-R37-Map6	1840	10009	10	5	10	5	90.88	9.57	75.70	81.60	96.30	98.90	99.10	1000.90	886.12	53	102.00	1090.00	1838.00	1839	54.40	48.16	2.88	5.54	59.24	99.89	99.95
DTX-comp_CS10-B-R6-Map4_reversed	1859	650	1	0	1	0	83.10	0.00	83.10	83.10	83.10	83.10	83.10	650.00	0.00	650	650.00	650.00	650.00	650	34.97	0.00	34.97	34.97	34.97	34.97	34.97
DTX-comp_CS10-B-R77-Map3	1847	10229	20	3	18	4	85.63	5.32	78.10	82.10	84.35	89.30	95.70	568.28	721.66	37	92.00	180.50	735.00	1856	30.77	39.07	2.00	4.98	9.77	39.79	100.49
DTX-comp_CS10_RS_00	14080	31623	36	1	34	1	76.90	7.97	61.56	70.50	76.25	83.60	99.70	930.09	2404.68	29	99.00	271.50	1007.00	14083	6.61	17.08	0.21	0.70	1.93	7.15	100.02
DTX-comp_CS10_RS_49	1849	5300	4	1	4	1	77.78	5.08	73.10	76.40	76.50	85.00	85.00	1325.00	748.53	214	1582.00	1622.50	1841.00	1841	71.66	40.48	11.57	85.56	87.75	99.57	99.57
DTX-comp_Ptr_1CBFP-B-G140-Map20_reversed	3361	243	1	0	1	0	74.80	0.00	74.80	74.80	74.80	74.80	74.80	243.00	0.00	243	243.00	243.00	243.00	243	7.23	0.00	7.23	7.23	7.23	7.23	7.23
DTX-comp_Ptr_1CBFP-B-G36-Map7_reversed	2121	283	1	0	1	0	74.70	0.00	74.70	74.70	74.70	74.70	74.70	283.00	0.00	283	283.00	283.00	283.00	283	13.34	0.00	13.34	13.34	13.34	13.34	13.34
DTX-comp_Ptr_1CBFP-B-G40-Map9_reversed	1948	659	2	0	2	0	80.60	0.71	80.10	80.10	80.60	81.10	81.10	329.50	152.03	222	222.00	329.50	437.00	437	16.91	7.80	11.40	11.40	16.91	22.43	22.43
DTX-comp_Ptr_1CBFP-B-G55-Map12	2153	263	1	0	1	0	71.50	0.00	71.50	71.50	71.50	71.50	71.50	263.00	0.00	263	263.00	263.00	263.00	263	12.22	0.00	12.22	12.22	12.22	12.22	12.22
DTX-comp_Ptr_1CBFP-B-G66-Map20_reversed	1890	3123	5	1	3	1	69.10	5.21	64.40	64.40	68.19	74.70	74.70	1043.33	749.69	403	403.00	859.00	1868.00	1868	55.20	39.67	21.32	21.32	45.45	98.84	98.84
DTX-comp_Ptr_1CBFP-B-G84-Map3_reversed	2103	296	3	0	3	0	76.10	2.29	73.50	73.50	77.00	77.80	77.80	98.67	13.01	86	86.00	98.00	112.00	112	4.69	0.62	4.09	4.09	4.66	5.33	5.33
DTX-comp_Ptr_1CBFP-B-G90-Map7_reversed	2114	2504	3	1	3	1	72.60	2.48	69.80	69.80	73.50	74.50	74.50	834.67	1081.97	205	205.00	215.00	2084.00	2084	39.48	51.18	9.70	9.70	10.17	98.58	98.58
DTX-comp_Ptr_1CBFP-B-G94-Map14	2123	95	1	0	1	0	80.40	0.00	80.40	80.40	80.40	80.40	80.40	95.00	0.00	95	95.00	95.00	95.00	95	4.47	0.00	4.47	4.47	4.47	4.47	4.47
DTX-comp_Ptr_1CBFP-B-P34.3-Map13_reversed	2124	323	1	0	1	0	70.20	0.00	70.20	70.20	70.20	70.20	70.20	323.00	0.00	323	323.00	323.00	323.00	323	15.21	0.00	15.21	15.21	15.21	15.21	15.21
DTX-comp_Ptr_1CBFP-B-P4.6-Map20_reversed	1899	167	1	0	1	0	63.30	0.00	63.30	63.30	63.30	63.30	63.30	167.00	0.00	167	167.00	167.00	167.00	167	8.79	0.00	8.79	8.79	8.79	8.79	8.79
DTX-comp_Ptr_1CBFP-B-R16-Map5	1871	2610	5	0	4	0	77.34	4.80	70.86	77.50	78.05	82.40	82.40	652.50	342.93	342	390.00	610.50	1047.00	1047	34.87	18.33	18.28	20.84	32.63	55.96	55.96
DTX-comp_Ptr_1CBFP-B-R228-Map5	1786	2898	5	0	5	0	64.74	3.46	60.70	62.20	64.30	67.90	68.60	579.60	571.91	35	241.00	282.00	934.00	1406	32.45	32.02	1.96	13.49	15.79	52.30	78.72
DTX-comp_Ptr_1CBFP-B-R27-Map20	5875	88	1	0	1	0	77.30	0.00	77.30	77.30	77.30	77.30	77.30	88.00	0.00	88	88.00	88.00	88.00	88	1.50	0.00	1.50	1.50	1.50	1.50	1.50
DTX-comp_Ptr_1CBFP-B-R4-Map20_reversed	2733	33	1	0	1	0	90.90	0.00	90.90	90.90	90.90	90.90	90.90	33.00	0.00	33	33.00	33.00	33.00	33	1.21	0.00	1.21	1.21	1.21	1.21	1.21
DTX-comp_Ptr_1CBFP-B-R42-Map4	2798	758	3	0	3	0	80.10	8.83	75.00	75.00	75.00	90.30	90.30	252.67	174.36	152	152.00	152.00	454.00	454	9.03	6.23	5.43	5.43	5.43	16.23	16.23
DTX-comp_Ptr_1CBFP-B-R44-Map3	2131	224	2	0	2	0	71.50	3.25	69.20	69.20	71.50	73.80	73.80	112.00	43.84	81	81.00	112.00	143.00	143	5.26	2.06	3.80	3.80	5.26	6.71	6.71
DTX-comp_Ptr_1CBFP-B-R6-Map20_reversed	3395	173	1	0	1	0	69.90	0.00	69.90	69.90	69.90	69.90	69.90	173.00	0.00	173	173.00	173.00	173.00	173	5.10	0.00	5.10	5.10	5.10	5.10	5.10
DTX-comp_Ptr_1CBFP-B-R60-Map20_reversed	2127	193	1	0	1	0	75.40	0.00	75.40	75.40	75.40	75.40	75.40	193.00	0.00	193	193.00	193.00	193.00	193	9.07	0.00	9.07	9.07	9.07	9.07	9.07
DTX-comp_Ptr_1CBFP-B-R88-Map16	3021	442	3	0	2	0	73.40	5.52	69.50	69.50	73.40	77.30	77.30	221.00	189.50	87	87.00	221.00	355.00	355	7.32	6.27	2.88	2.88	7.32	11.75	11.75
DTX-comp_Ptr_1CBFP-B-R90-Map3_reversed	1472	141	2	0	2	0	71.75	3.75	69.10	69.10	71.75	74.40	74.40	70.50	70.00	21	21.00	70.50	120.00	120	4.79	4.76	1.43	1.43	4.79	8.15	8.15
DTX-comp_SN15_SOL-B-G34-Map6	1863	669	1	0	1	0	69.90	0.00	69.90	69.90	69.90	69.90	69.90	669.00	0.00	669	669.00	669.00	669.00	669	35.91	0.00	35.91	35.91	35.91	35.91	35.91
DTX-comp_SN15_SOL-B-G47-Map7_reversed	2114	36	1	0	1	0	88.90	0.00	88.90	88.90	88.90	88.90	88.90	36.00	0.00	36	36.00	36.00	36.00	36	1.70	0.00	1.70	1.70	1.70	1.70	1.70
DTX-comp_SN4-B-G58-Map4	1845	306	3	0	1	0	72.34	0.00	72.34	72.34	72.34	72.34	72.34	306.00	0.00	306	306.00	306.00	306.00	306	16.59	0.00	16.59	16.59	16.59	16.59	16.59
DTX-comp_SN4-B-P6.1-Map3	1293	1399	5	0	5	0	64.52	6.39	57.80	60.70	63.80	65.70	74.60	279.80	286.55	25	32.00	167.00	584.00	591	21.64	22.16	1.93	2.47	12.92	45.17	45.71
DTX-comp_SN79_1087_RS_16_reversed	1851	156	1	0	1	0	72.10	0.00	72.10	72.10	72.10	72.10	72.10	156.00	0.00	156	156.00	156.00	156.00	156	8.43	0.00	8.43	8.43	8.43	8.43	8.43
DTX-incomp-chim_CS10-B-R133-Map3_reversed	3576	9541	13	1	13	1	79.45	13.91	64.30	69.30	72.50	97.50	99.60	733.92	1170.09	39	143.00	206.00	243.00	3586	20.52	32.72	1.09	4.00	5.76	6.80	100.28
DTX-incomp-chim_CS10-B-R137-Map5	4054	8749	6	0	6	0	81.27	20.28	54.70	63.80	84.85	99.50	99.90	1458.17	1442.49	61	86.00	1361.00	2619.00	3261	35.97	35.58	1.50	2.12	33.57	64.60	80.44
DTX-incomp-chim_CS10-B-R61-Map5	7716	28102	19	2	13	2	81.64	13.35	56.20	74.10	79.40	94.99	98.40	2162.00	2764.84	31	237.00	874.00	3834.00	7722	28.02	35.83	0.40	3.07	11.33	49.69	100.08
DTX-incomp-chim_CS10-L-B116-Map1	4535	30729	37	1	35	1	85.85	10.32	67.70	77.70	85.00	98.10	99.60	877.97	1020.31	26	127.00	492.00	1772.00	4552	19.36	22.50	0.57	2.80	10.85	39.07	100.37
DTX-incomp-chim_CS10-L-B117-Map1	4230	1306	4	0	4	0	78.85	22.96	54.70	63.80	80.45	99.80	99.80	326.50	262.25	86	171.00	272.00	676.00	676	7.72	6.20	2.03	4.04	6.43	15.98	15.98
DTX-incomp-chim_CS10-L-B119-Map1	4169	6653	17	0	12	0	78.72	13.75	58.80	64.30	83.40	91.01	95.70	559.50	810.72	29	41.00	118.00	1253.00	2244	13.42	19.45	0.70	0.98	2.83	30.06	53.83
DTX-incomp-chim_CS10-L-B120-Map1	3778	11331	41	0	35	0	85.52	8.25	68.00	79.90	86.20	92.90	99.00	323.89	318.57	21	45.00	216.00	472.00	1514	8.57	8.43	0.56	1.19	5.72	12.49	40.07
DTX-incomp-chim_CS10-L-B13-Map2	17747	32377	29	1	24	1	84.09	11.25	62.17	75.30	86.15	93.20	100.00	1350.38	3558.58	26	206.00	429.50	1148.00	17768	7.61	20.05	0.15	1.16	2.42	6.47	100.12
DTX-incomp-chim_CS10-L-B20-Map1	22668	266377	164	0	92	0	81.37	7.61	60.90	75.70	80.95	86.92	98.90	2896.91	3988.16	23	192.00	745.50	3986.00	18556	12.78	17.59	0.10	0.85	3.29	17.58	81.86
DTX-incomp-chim_CS10-L-B21-Map1	22648	65962	60	0	52	0	81.95	11.11	58.50	75.00	79.65	91.80	99.60	1270.75	2589.20	34	144.00	296.50	1600.00	15815	5.61	11.43	0.15	0.64	1.31	7.06	69.83
DTX-incomp-chim_CS10-L-B23-Map1_reversed	21650	99782	74	1	61	1	79.60	10.89	54.00	71.40	80.90	87.80	99.70	1635.84	2940.23	45	176.00	533.00	2246.00	21681	7.56	13.58	0.21	0.81	2.46	10.37	100.14
DTX-incomp-chim_CS10-L-B26-Map1	19906	92683	71	0	54	1	82.62	9.72	64.20	74.00	82.15	91.50	99.04	1742.46	3180.41	21	48.00	397.50	2151.00	19472	8.75	15.98	0.11	0.24	2.00	10.81	97.82
DTX-incomp-chim_CS10-L-B27-Map1	19826	66693	91	1	87	1	77.68	10.12	57.10	70.94	74.80	84.10	99.80	766.59	2253.95	32	116.00	259.00	449.00	19837	3.87	11.37	0.16	0.59	1.31	2.26	100.06
DTX-incomp-chim_CS10-L-B28-Map1_reversed	16520	24895	28	0	25	0	78.18	13.22	56.30	69.90	78.50	83.20	100.00	995.80	1981.67	38	84.00	174.00	309.00	8745	6.03	12.00	0.23	0.51	1.05	1.87	52.94
DTX-incomp-chim_CS10-L-B29-Map1	14160	35686	53	1	43	1	76.80	8.60	61.24	70.40	75.70	83.60	99.50	831.07	2140.01	27	128.00	419.00	721.00	14211	5.87	15.11	0.19	0.90	2.96	5.09	100.36
DTX-incomp-chim_CS10-L-B33-Map1_reversed	13005	28630	72	1	57	1	82.41	6.82	64.80	77.70	82.30	86.35	99.60	504.11	1701.97	22	62.00	269.00	425.00	13019	3.88	13.09	0.17	0.48	2.07	3.27	100.11
DTX-incomp-chim_CS10-L-B41-Map1_reversed	9693	70854	66	0	51	0	85.63	13.05	60.10	75.35	88.99	98.60	99.80	1391.65	1016.76	28	405.00	1749.00	1844.00	4150	14.36	10.49	0.29	4.18	18.04	19.02	42.81
DTX-incomp-chim_CS10-L-B42-Map1_reversed	9486	24073	25	0	21	0	82.68	11.78	59.50	75.60	86.20	91.60	99.60	1146.86	1149.22	21	166.00	566.00	2181.00	3427	12.09	12.11	0.22	1.75	5.97	22.99	36.13
DTX-incomp-chim_CS10-L-B43-Map1	9282	9771	21	0	15	0	80.85	9.59	60.90	74.70	80.94	86.00	98.20	657.87	1222.93	26	80.00	163.00	665.00	4777	7.09	13.18	0.28	0.86	1.76	7.16	51.47
DTX-incomp-chim_CS10-L-B51-Map1	7569	46183	64	0	49	1	90.96	7.60	66.20	88.60	92.70	96.20	100.00	944.16	1514.53	22	144.00	410.00	765.00	7605	12.47	20.01	0.29	1.90	5.42	10.11	100.48
DTX-incomp-chim_CS10-L-B70-Map1	7327	18478	22	1	16	1	87.26	10.15	67.36	80.80	90.05	95.90	99.40	1154.88	1859.19	22	217.00	453.00	1541.00	7356	15.76	25.37	0.30	2.96	6.18	21.03	100.40
DTX-incomp-chim_CS10-L-B74-Map1	7153	8518	9	1	8	1	96.93	3.05	90.10	96.70	97.91	99.00	99.70	1066.00	2463.28	21	78.00	295.00	319.00	7154	14.90	34.44	0.29	1.09	4.12	4.46	100.01
DTX-incomp-chim_CS10-L-B83-Map1	6597	14201	28	1	24	1	82.88	9.13	66.70	76.90	82.53	91.40	99.70	592.00	1396.33	28	97.00	150.50	268.00	6604	8.97	21.17	0.42	1.47	2.28	4.06	100.11
DTX-incomp-chim_Ptr_1CBFP-L-B108-Map1	5561	769	4	0	4	0	71.08	6.53	63.90	67.20	71.65	77.10	77.10	192.25	219.36	70	86.00	89.00	521.00	521	3.46	3.94	1.26	1.55	1.60	9.37	9.37
DTX-incomp-chim_Ptr_1CBFP-L-B138-Map1	4986	2322	8	0	6	0	67.90	3.32	64.40	65.50	67.10	69.70	73.60	388.17	341.46	35	204.00	327.50	403.00	1032	7.79	6.85	0.70	4.09	6.57	8.08	20.70
DTX-incomp-chim_Ptr_1CBFP-L-B139-Map1	4212	1838	13	0	13	0	74.45	3.87	66.30	71.70	74.30	76.60	81.00	141.38	43.41	58	109.00	152.00	180.00	194	3.36	1.03	1.38	2.59	3.61	4.27	4.61
DTX-incomp-chim_Ptr_1CBFP-L-B146-Map1	3912	1050	10	0	10	0	76.85	2.93	72.90	74.80	75.85	79.50	80.90	105.00	29.76	74	77.00	95.00	135.00	158	2.68	0.76	1.89	1.97	2.43	3.45	4.04
DTX-incomp-chim_Ptr_1CBFP-L-B153-Map1	3187	216	1	0	1	0	69.10	0.00	69.10	69.10	69.10	69.10	69.10	216.00	0.00	216	216.00	216.00	216.00	216	6.78	0.00	6.78	6.78	6.78	6.78	6.78
DTX-incomp-chim_Ptr_1CBFP-L-B41-Map1	23473	5918	8	0	8	0	71.99	6.95	63.60	69.50	70.30	74.00	87.20	739.75	845.45	39	263.00	343.50	1276.00	2548	3.15	3.60	0.17	1.12	1.46	5.44	10.86
DTX-incomp-chim_Ptr_1CBFP-L-B42-Map1_reversed	19893	27440	33	0	27	0	79.58	8.33	65.30	73.10	78.80	82.60	98.60	1016.30	2190.66	63	132.00	464.00	530.00	9280	5.11	11.01	0.32	0.66	2.33	2.66	46.65
DTX-incomp-chim_Ptr_1CBFP-L-B43-Map1	19420	7789	44	0	43	0	83.16	7.79	68.60	78.70	82.80	88.10	98.30	181.14	335.25	29	46.00	58.00	226.00	1598	0.93	1.73	0.15	0.24	0.30	1.16	8.23
DTX-incomp-chim_Ptr_1CBFP-L-B44-Map1_reversed	19396	16259	24	0	21	0	72.57	5.15	57.70	70.70	73.00	76.37	80.30	774.24	2391.80	61	127.00	172.00	232.00	11111	3.99	12.33	0.31	0.65	0.89	1.20	57.29
DTX-incomp-chim_Ptr_1CBFP-L-B45-Map1	19011	328	2	0	2	0	83.40	10.18	76.20	76.20	83.40	90.60	90.60	164.00	186.68	32	32.00	164.00	296.00	296	0.86	0.98	0.17	0.17	0.86	1.56	1.56
DTX-incomp-chim_Ptr_1CBFP-L-B47-Map1	17973	3303	27	0	27	0	86.97	9.20	67.20	80.30	88.10	94.10	100.00	122.33	275.31	25	34.00	40.00	68.00	1361	0.68	1.53	0.14	0.19	0.22	0.38	7.57
DTX-incomp-chim_Ptr_1CBFP-L-B49-Map1_reversed	14896	2663	28	0	28	0	82.11	5.59	65.00	79.50	82.80	85.20	93.20	95.11	38.34	27	65.00	96.00	122.00	180	0.64	0.26	0.18	0.44	0.64	0.82	1.21
DTX-incomp-chim_Ptr_1CBFP-L-B51-Map1_reversed	13310	8170	31	0	30	0	82.94	8.25	67.20	76.70	84.15	89.50	96.50	272.33	855.68	27	41.00	51.00	99.00	4608	2.05	6.43	0.20	0.31	0.38	0.74	34.62
DTX-incomp-chim_Ptr_1CBFP-L-B52-Map1_reversed	13289	37419	48	0	34	0	70.00	6.12	54.90	66.10	70.15	75.80	77.56	1100.85	1189.60	21	46.00	715.00	1602.00	4668	8.28	8.95	0.16	0.35	5.38	12.06	35.13
DTX-incomp-chim_Ptr_1CBFP-L-B53-Map1	13243	442	3	0	3	0	70.40	0.87	69.90	69.90	69.90	71.40	71.40	147.33	68.98	69	69.00	174.00	199.00	199	1.11	0.52	0.52	0.52	1.31	1.50	1.50
DTX-incomp-chim_Ptr_1CBFP-L-B58-Map1	10806	915	6	0	6	0	74.42	8.76	64.20	68.80	72.55	79.50	88.90	152.50	105.72	36	40.00	165.00	192.00	317	1.41	0.98	0.33	0.37	1.53	1.78	2.93
DTX-incomp-chim_Ptr_1CBFP-L-B60-Map1_reversed	9850	189	6	0	6	0	93.23	9.41	75.20	91.20	96.50	100.00	100.00	31.50	8.78	25	25.00	28.50	34.00	48	0.32	0.09	0.25	0.25	0.29	0.35	0.49
DTX-incomp-chim_Ptr_1CBFP-L-B63-Map1_reversed	9045	188	2	0	2	0	70.15	9.69	63.30	63.30	70.15	77.00	77.00	94.00	103.24	21	21.00	94.00	167.00	167	1.04	1.14	0.23	0.23	1.04	1.85	1.85
DTX-incomp-chim_Ptr_1CBFP-L-B68-Map1	8595	3253	3	0	3	0	75.97	9.76	69.60	69.60	71.10	87.20	87.20	1084.33	1688.24	39	39.00	182.00	3032.00	3032	12.62	19.64	0.45	0.45	2.12	35.28	35.28
DTX-incomp-chim_Ptr_1CBFP-L-B70-Map1	8504	1602	8	0	8	0	71.79	5.15	64.80	69.40	71.25	76.50	80.00	200.25	116.23	48	113.00	206.50	330.00	330	2.35	1.37	0.56	1.33	2.43	3.88	3.88
DTX-incomp-chim_Ptr_1CBFP-L-B74-Map1	8142	540	2	0	2	0	69.85	4.74	66.50	66.50	69.85	73.20	73.20	270.00	291.33	64	64.00	270.00	476.00	476	3.32	3.58	0.79	0.79	3.32	5.85	5.85
DTX-incomp-chim_Ptr_1CBFP-L-B85-Map1	7139	2065	1	0	1	0	68.40	0.00	68.40	68.40	68.40	68.40	68.40	2065.00	0.00	2065	2065.00	2065.00	2065.00	2065	28.93	0.00	28.93	28.93	28.93	28.93	28.93
DTX-incomp-chim_Ptr_1CBFP-L-B91-Map1_reversed	6362	1044	3	0	3	0	62.80	9.36	57.00	57.00	57.80	73.60	73.60	348.00	200.47	163	163.00	320.00	561.00	561	5.47	3.15	2.56	2.56	5.03	8.82	8.82
DTX-incomp-chim_Ptr_1CBFP-L-B92-Map1_reversed	6319	933	6	0	5	0	83.44	9.58	73.81	77.20	79.60	89.70	96.90	186.60	153.50	32	39.00	202.00	270.00	390	2.95	2.43	0.51	0.62	3.20	4.27	6.17
DTX-incomp-chim_Ptr_1CBFP-L-B94-Map1	6238	888	1	0	1	0	81.10	0.00	81.10	81.10	81.10	81.10	81.10	888.00	0.00	888	888.00	888.00	888.00	888	14.24	0.00	14.24	14.24	14.24	14.24	14.24
DTX-incomp-chim_SN15_SOL-L-B13-Map1_reversed	18062	41	1	0	1	0	66.30	0.00	66.30	66.30	66.30	66.30	66.30	41.00	0.00	41	41.00	41.00	41.00	41	0.23	0.00	0.23	0.23	0.23	0.23	0.23
DTX-incomp-chim_SN15_SOL-L-B18-Map1	15739	512	2	0	2	0	76.45	9.69	69.60	69.60	76.45	83.30	83.30	256.00	288.50	52	52.00	256.00	460.00	460	1.63	1.83	0.33	0.33	1.63	2.92	2.92
DTX-incomp-chim_SN15_SOL-L-B19-Map1_reversed	15719	7125	16	0	9	0	73.12	10.90	62.85	66.07	71.80	72.50	93.10	794.33	1375.06	29	103.00	312.00	876.00	4354	5.05	8.75	0.18	0.66	1.98	5.57	27.70
DTX-incomp-chim_SN15_SOL-L-B27-Map1_reversed	13684	13889	19	0	10	0	67.56	8.81	58.30	63.54	65.72	70.24	89.50	1389.60	1262.59	40	390.00	1195.50	1877.00	3847	10.15	9.23	0.29	2.85	8.74	13.72	28.11
DTX-incomp-chim_SN15_SOL-L-B29-Map1_reversed	12709	306	2	0	2	0	70.00	0.00	70.00	70.00	70.00	70.00	70.00	153.00	46.67	120	120.00	153.00	186.00	186	1.20	0.37	0.94	0.94	1.20	1.46	1.46
DTX-incomp-chim_SN15_SOL-L-B32-Map1_reversed	11358	988	3	0	3	0	72.33	6.77	67.20	67.20	69.80	80.00	80.00	329.33	238.00	64	64.00	400.00	524.00	524	2.90	2.10	0.56	0.56	3.52	4.61	4.61
DTX-incomp-chim_SN15_SOL-L-B59-Map1	8607	757	2	0	2	0	62.30	8.06	56.60	56.60	62.30	68.00	68.00	378.50	498.51	26	26.00	378.50	731.00	731	4.40	5.79	0.30	0.30	4.40	8.49	8.49
DTX-incomp-chim_SN15_SOL-L-B71-Map1_reversed	7006	400	5	0	4	0	71.30	8.02	66.70	67.20	67.60	83.30	83.30	100.00	130.29	27	31.00	39.00	295.00	295	1.43	1.86	0.39	0.44	0.56	4.21	4.21
DTX-incomp-chim_SN15_SOL-L-B84-Map1_reversed	4160	23	1	0	1	0	55.30	0.00	55.30	55.30	55.30	55.30	55.30	23.00	0.00	23	23.00	23.00	23.00	23	0.55	0.00	0.55	0.55	0.55	0.55	0.55
DTX-incomp-chim_SN2000-L-B14-Map1	14756	201	1	0	1	0	69.90	0.00	69.90	69.90	69.90	69.90	69.90	201.00	0.00	201	201.00	201.00	201.00	201	1.36	0.00	1.36	1.36	1.36	1.36	1.36
DTX-incomp-chim_SN2000-L-B16-Map1	13080	118	1	0	1	0	74.60	0.00	74.60	74.60	74.60	74.60	74.60	118.00	0.00	118	118.00	118.00	118.00	118	0.90	0.00	0.90	0.90	0.90	0.90	0.90
DTX-incomp-chim_SN2000-L-B46-Map1_reversed	8491	8199	14	0	9	0	70.62	4.75	61.48	68.20	71.20	73.40	78.20	915.33	1388.33	43	115.00	300.00	1109.00	4337	10.78	16.35	0.51	1.35	3.53	13.06	51.08
DTX-incomp-chim_SN2000-L-B5-Map1_reversed	19940	376	3	0	3	0	69.50	1.28	68.10	68.10	69.80	70.60	70.60	125.33	74.20	60	60.00	110.00	206.00	206	0.63	0.37	0.30	0.30	0.55	1.03	1.03
DTX-incomp-chim_SN2000-L-B6-Map1_reversed	18517	576	6	0	6	0	78.80	11.44	67.60	68.10	76.75	90.70	92.90	96.00	99.71	40	41.00	60.50	77.00	297	0.52	0.54	0.22	0.22	0.33	0.42	1.60
DTX-incomp-chim_SN4-L-B11-Map1	19120	1071	2	0	2	0	64.30	8.77	58.10	58.10	64.30	70.50	70.50	535.50	703.57	38	38.00	535.50	1033.00	1033	2.80	3.68	0.20	0.20	2.80	5.40	5.40
DTX-incomp-chim_SN4-L-B12-Map1_reversed	18372	552	3	0	3	0	80.53	8.89	71.20	71.20	81.50	88.90	88.90	184.00	210.65	35	35.00	92.00	425.00	425	1.00	1.15	0.19	0.19	0.50	2.31	2.31
DTX-incomp-chim_SN4-L-B15-Map1	17513	1017	3	0	3	0	73.67	3.89	69.20	69.20	75.50	76.30	76.30	339.00	273.75	23	23.00	490.00	504.00	504	1.94	1.56	0.13	0.13	2.80	2.88	2.88
DTX-incomp-chim_SN4-L-B32-Map1_reversed	13360	8059	9	0	7	0	70.51	4.95	61.00	69.30	71.80	72.20	77.50	1151.29	2033.79	44	128.00	322.00	1152.00	5687	8.62	15.22	0.33	0.96	2.41	8.62	42.57
DTX-incomp-chim_SN79_1087-L-B11-Map1_reversed	10511	2249	4	0	4	0	71.40	4.02	68.40	68.40	70.15	76.90	76.90	562.25	438.26	193	255.00	457.00	1142.00	1142	5.35	4.17	1.84	2.43	4.35	10.86	10.86
DTX-incomp-chim_SN79_1087-L-B16-Map1_reversed	8962	853	1	0	1	0	61.40	0.00	61.40	61.40	61.40	61.40	61.40	853.00	0.00	853	853.00	853.00	853.00	853	9.52	0.00	9.52	9.52	9.52	9.52	9.52
DTX-incomp-chim_SN79_1087-L-B2-Map1	18154	13433	9	0	4	0	65.36	5.62	59.36	61.77	65.84	70.40	70.40	3358.25	2606.77	384	2903.00	3162.50	6724.00	6724	18.50	14.36	2.12	15.99	17.42	37.04	37.04
DTX-incomp-chim_SN79_1087-L-B29-Map1	3291	226	3	0	2	0	72.30	0.00	72.30	72.30	72.30	72.30	72.30	113.00	46.67	80	80.00	113.00	146.00	146	3.43	1.42	2.43	2.43	3.43	4.44	4.44
DTX-incomp-chim_SN79_1087-L-B3-Map1	17004	3371	6	0	3	0	66.69	1.98	65.00	65.00	66.20	68.86	68.86	1123.67	1585.18	93	93.00	329.00	2949.00	2949	6.61	9.32	0.55	0.55	1.93	17.34	17.34
DTX-incomp-chim_SN79_1087-L-B31-Map1	2621	22	1	0	1	0	68.90	0.00	68.90	68.90	68.90	68.90	68.90	22.00	0.00	22	22.00	22.00	22.00	22	0.84	0.00	0.84	0.84	0.84	0.84	0.84
DTX-incomp-chim_SN79_1087-L-B4-Map1_reversed	16288	11521	6	0	3	0	69.50	2.90	66.21	66.21	70.60	71.70	71.70	3840.33	3167.08	344	344.00	4660.00	6517.00	6517	23.58	19.44	2.11	2.11	28.61	40.01	40.01
DTX-incomp-chim_SN79_1087-L-B5-Map1_reversed	16003	820	5	0	4	0	71.81	13.93	54.60	66.73	73.62	85.40	85.40	205.00	299.65	37	40.00	65.00	653.00	653	1.28	1.87	0.23	0.25	0.41	4.08	4.08
DTX-incomp-chim_SN79_1087-L-B6-Map1	15817	3253	6	0	5	0	69.83	1.11	68.80	69.00	69.87	69.90	71.60	650.60	454.18	316	316.00	501.00	711.00	1409	4.11	2.87	2.00	2.00	3.17	4.50	8.91
DTX-incomp-chim_SN79_1087-L-B9-Map1	12092	9702	12	0	5	0	69.31	8.86	61.31	64.69	65.94	70.60	84.00	1940.40	2266.35	29	187.00	754.00	3799.00	4933	16.05	18.74	0.24	1.55	6.24	31.42	40.80
DTX-incomp_CS10-B-G184-Map6	18599	55222	50	1	47	1	77.53	11.90	57.90	66.50	77.30	88.10	99.80	1175.21	2998.62	22	65.00	140.00	783.00	18632	6.32	16.12	0.12	0.35	0.75	4.21	100.18
DTX-incomp_CS10-B-G313-Map3	1673	772	2	0	2	0	77.20	31.82	54.70	54.70	77.20	99.70	99.70	386.00	18.38	373	373.00	386.00	399.00	399	23.07	1.10	22.30	22.30	23.07	23.85	23.85
DTX-incomp_CS10-B-G33-Map20	2030	61	1	0	1	0	83.60	0.00	83.60	83.60	83.60	83.60	83.60	61.00	0.00	61	61.00	61.00	61.00	61	3.00	0.00	3.00	3.00	3.00	3.00	3.00
DTX-incomp_CS10-B-G38-Map3_reversed	1811	2542	5	0	4	0	84.59	3.08	81.60	82.27	84.73	87.30	87.30	635.50	688.92	26	107.00	530.50	1455.00	1455	35.09	38.04	1.44	5.91	29.29	80.34	80.34
DTX-incomp_CS10-B-G52-Map8	2074	130	3	0	3	0	85.17	3.95	82.50	82.50	83.30	89.70	89.70	43.33	29.19	25	25.00	28.00	77.00	77	2.09	1.41	1.21	1.21	1.35	3.71	3.71
DTX-incomp_CS10-B-G53-Map9_reversed	2127	19563	30	2	26	3	92.31	3.74	81.95	90.50	93.49	94.40	97.10	757.35	695.70	22	180.00	670.00	1069.00	2141	35.61	32.71	1.03	8.46	31.50	50.26	100.66
DTX-incomp_CS10-B-G59-Map20	2133	4805	5	1	4	1	97.59	0.82	96.40	97.70	97.88	98.20	98.20	1201.25	643.93	660	959.00	1005.50	2134.00	2134	56.32	30.19	30.94	44.96	47.14	100.05	100.05
DTX-incomp_CS10-B-G64-Map16	1874	9667	9	4	9	4	90.52	7.83	75.60	88.50	88.70	98.90	99.60	1086.33	896.91	106	110.00	1762.00	1859.00	1868	57.97	47.86	5.66	5.87	94.02	99.20	99.68
DTX-incomp_CS10-B-G68-Map9_reversed	2856	8108	5	0	5	0	95.34	7.09	83.10	95.20	99.00	99.60	99.80	1621.60	543.17	650	1859.00	1862.00	1863.00	1874	56.78	19.02	22.76	65.09	65.20	65.23	65.62
DTX-incomp_CS10-B-G82-Map20	3431	341	5	0	4	0	70.03	13.45	57.80	61.30	67.40	87.50	87.50	85.25	94.08	24	30.00	46.50	224.00	224	2.48	2.74	0.70	0.87	1.36	6.53	6.53
DTX-incomp_CS10-B-P38.14-Map4	2108	16356	22	4	19	4	92.17	5.67	72.60	91.30	93.40	95.70	97.10	869.74	849.43	63	169.00	337.00	1854.00	2130	41.26	40.30	2.99	8.02	15.99	87.95	101.04
DTX-incomp_CS10-B-P47.7-Map3_reversed	680	679	1	1	1	1	90.60	0.00	90.60	90.60	90.60	90.60	90.60	679.00	0.00	679	679.00	679.00	679.00	679	99.85	0.00	99.85	99.85	99.85	99.85	99.85
DTX-incomp_CS10-B-R113-Map3	1355	7556	7	5	7	5	74.10	3.72	69.30	70.10	73.90	78.20	79.20	1079.43	470.32	307	483.00	1353.00	1355.00	1357	79.66	34.71	22.66	35.65	99.85	100.00	100.15
DTX-incomp_CS10-B-R130-Map4_reversed	6967	37567	71	2	68	2	85.01	8.66	64.80	78.10	85.65	92.80	99.50	553.38	1413.17	21	110.00	162.00	320.00	6961	7.94	20.28	0.30	1.58	2.33	4.59	99.91
DTX-incomp_CS10-B-R131-Map3_reversed	2412	9808	12	3	10	3	97.60	2.07	93.40	96.30	98.15	99.20	100.00	981.50	1071.78	58	58.00	490.00	2413.00	2416	40.69	44.44	2.40	2.40	20.32	100.04	100.17
DTX-incomp_CS10-B-R170-Map3	1823	503	7	0	7	0	88.59	6.93	75.00	83.40	91.20	93.60	93.60	71.86	31.45	24	40.00	88.00	95.00	106	3.94	1.73	1.32	2.19	4.83	5.21	5.81
DTX-incomp_CS10-B-R174-Map4_reversed	1887	8865	16	2	15	2	85.04	6.17	75.80	79.40	84.40	89.50	97.90	591.00	566.85	28	118.00	492.00	782.00	1848	31.32	30.04	1.48	6.25	26.07	41.44	97.93
DTX-incomp_CS10-B-R237-Map6	1824	4916	7	1	6	2	87.51	10.49	71.20	79.34	89.55	97.70	97.70	819.33	796.31	42	177.00	534.00	1807.00	1822	44.92	43.66	2.30	9.70	29.28	99.07	99.89
DTX-incomp_CS10-B-R254-Map3	814	1371	4	1	4	1	88.85	5.22	81.80	89.50	89.60	94.40	94.40	342.75	377.15	38	39.00	259.00	815.00	815	42.11	46.33	4.67	4.79	31.82	100.12	100.12
DTX-incomp_CS10-B-R72-Map3	1626	2525	7	0	5	0	88.57	8.81	78.53	81.20	88.40	96.70	98.00	505.00	446.78	23	43.00	699.00	750.00	1010	31.06	27.48	1.41	2.64	42.99	46.13	62.12
DTX-incomp_CS10-B-R75-Map3_reversed	1119	160	2	0	2	0	82.85	8.98	76.50	76.50	82.85	89.20	89.20	80.00	49.50	45	45.00	80.00	115.00	115	7.15	4.42	4.02	4.02	7.15	10.28	10.28
DTX-incomp_CS10-B-R76-Map3	931	1071	4	0	4	0	90.43	5.54	82.20	92.10	92.75	94.00	94.00	267.75	160.69	118	208.00	229.50	494.00	494	28.76	17.26	12.67	22.34	24.65	53.06	53.06
DTX-incomp_CS10-B-R82-Map15	2101	31876	57	1	43	4	86.88	7.65	64.84	81.80	87.80	94.40	96.40	751.93	704.24	24	222.00	467.00	998.00	2327	35.79	33.52	1.14	10.57	22.23	47.50	110.76
DTX-incomp_CS10-B-R92-Map6	5296	34755	32	2	27	2	75.44	10.04	58.90	68.80	72.20	80.80	99.70	1287.22	1600.19	29	200.00	434.00	2483.00	5301	24.31	30.22	0.55	3.78	8.19	46.88	100.09
DTX-incomp_CS10-B-R94-Map5_reversed	6561	111861	94	2	87	2	71.94	9.07	55.60	65.80	70.60	76.00	99.10	1285.76	1600.55	25	101.00	684.00	1598.00	6821	19.60	24.39	0.38	1.54	10.43	24.36	103.96
DTX-incomp_CS10-L-B121-Map1	3740	18156	42	0	38	1	84.03	8.67	66.00	78.40	82.65	92.50	97.63	478.11	835.72	24	72.00	202.50	282.00	3763	12.78	22.35	0.64	1.93	5.41	7.54	100.61
DTX-incomp_CS10-L-B39-Map1	10679	41943	97	0	76	0	87.74	9.10	65.50	82.30	89.85	93.80	99.70	558.20	942.96	26	124.00	155.00	421.00	6376	5.23	8.83	0.24	1.16	1.45	3.94	59.71
DTX-incomp_CS10-L-B44-Map1_reversed	9085	15959	29	1	29	1	85.98	10.04	59.70	80.40	88.80	92.80	99.60	550.31	1635.62	22	64.00	251.00	374.00	8970	6.06	18.00	0.24	0.70	2.76	4.12	98.73
DTX-incomp_CS10_RS_40	2113	1244	2	0	2	0	79.35	25.39	61.40	61.40	79.35	97.30	97.30	622.00	463.86	294	294.00	622.00	950.00	950	29.44	21.95	13.91	13.91	29.44	44.96	44.96
DTX-incomp_CS10_RS_42	2103	1506	4	0	4	0	82.10	13.22	64.10	82.60	84.30	95.70	95.70	376.50	157.76	164	390.00	398.50	545.00	545	17.90	7.50	7.80	18.54	18.95	25.92	25.92
DTX-incomp_CS10_RS_48	1852	597	2	0	2	0	78.80	1.27	77.90	77.90	78.80	79.70	79.70	298.50	294.86	90	90.00	298.50	507.00	507	16.12	15.92	4.86	4.86	16.12	27.38	27.38
DTX-incomp_CS10_RS_55_reversed	1600	120	1	0	1	0	99.20	0.00	99.20	99.20	99.20	99.20	99.20	120.00	0.00	120	120.00	120.00	120.00	120	7.50	0.00	7.50	7.50	7.50	7.50	7.50
DTX-incomp_CS10_RS_59	1355	18765	31	8	26	8	74.41	9.70	55.80	67.20	73.75	81.52	90.30	721.73	512.67	21	297.00	518.50	1354.00	1363	53.26	37.84	1.55	21.92	38.27	99.93	100.59
DTX-incomp_CS10_RS_62_reversed	1336	1170	3	0	3	0	84.97	5.92	78.60	78.60	86.00	90.30	90.30	390.00	236.45	195	195.00	322.00	653.00	653	29.19	17.70	14.60	14.60	24.10	48.88	48.88
DTX-incomp_CS10_RS_7_reversed	12733	18572	46	0	44	0	80.12	10.72	59.90	71.70	81.00	88.00	99.60	464.18	1514.62	22	77.00	99.00	296.00	9854	3.65	11.90	0.17	0.60	0.78	2.32	77.39
DTX-incomp_CS10_RS_89	410	102	1	0	1	0	74.50	0.00	74.50	74.50	74.50	74.50	74.50	102.00	0.00	102	102.00	102.00	102.00	102	24.88	0.00	24.88	24.88	24.88	24.88	24.88
DTX-incomp_Ptr_1CBFP-B-G125-Map4	2848	340	1	0	1	0	71.20	0.00	71.20	71.20	71.20	71.20	71.20	340.00	0.00	340	340.00	340.00	340.00	340	11.94	0.00	11.94	11.94	11.94	11.94	11.94
DTX-incomp_Ptr_1CBFP-B-G127-Map13_reversed	2751	2180	2	0	2	0	64.60	5.66	60.60	60.60	64.60	68.60	68.60	1090.00	1460.88	57	57.00	1090.00	2123.00	2123	39.62	53.10	2.07	2.07	39.62	77.17	77.17
DTX-incomp_Ptr_1CBFP-B-G133-Map20	3104	204	5	0	5	0	89.00	9.14	75.00	86.00	90.00	97.00	97.00	40.80	7.73	32	33.00	44.00	47.00	48	1.31	0.25	1.03	1.06	1.42	1.51	1.55
DTX-incomp_Ptr_1CBFP-B-G159-Map3_reversed	6331	2046	5	0	5	0	78.86	7.15	67.20	77.10	82.30	82.50	85.20	409.20	775.36	50	55.00	60.00	85.00	1796	6.46	12.25	0.79	0.87	0.95	1.34	28.37
DTX-incomp_Ptr_1CBFP-B-G183-Map3_reversed	4791	516	2	0	2	0	69.45	17.47	57.10	57.10	69.45	81.80	81.80	258.00	288.50	54	54.00	258.00	462.00	462	5.39	6.02	1.13	1.13	5.39	9.64	9.64
DTX-incomp_Ptr_1CBFP-B-G34-Map20	1930	189	1	0	1	0	73.80	0.00	73.80	73.80	73.80	73.80	73.80	189.00	0.00	189	189.00	189.00	189.00	189	9.79	0.00	9.79	9.79	9.79	9.79	9.79
DTX-incomp_Ptr_1CBFP-B-G4-Map20	2359	59	2	0	2	0	95.10	2.26	93.50	93.50	95.10	96.70	96.70	29.50	0.71	29	29.00	29.50	30.00	30	1.25	0.03	1.23	1.23	1.25	1.27	1.27
DTX-incomp_Ptr_1CBFP-B-G429-Map3_reversed	1513	506	1	0	1	0	74.90	0.00	74.90	74.90	74.90	74.90	74.90	506.00	0.00	506	506.00	506.00	506.00	506	33.44	0.00	33.44	33.44	33.44	33.44	33.44
DTX-incomp_Ptr_1CBFP-B-R114-Map6_reversed	1847	33	1	0	1	0	90.90	0.00	90.90	90.90	90.90	90.90	90.90	33.00	0.00	33	33.00	33.00	33.00	33	1.79	0.00	1.79	1.79	1.79	1.79	1.79
DTX-incomp_Ptr_1CBFP-B-R125-Map4	13516	22746	48	0	46	0	68.94	6.21	58.80	64.10	69.30	72.60	85.20	494.48	768.08	23	101.00	189.00	392.00	3034	3.66	5.68	0.17	0.75	1.40	2.90	22.45
DTX-incomp_Ptr_1CBFP-B-R126-Map3	2852	1986	3	0	3	0	71.50	1.30	70.00	70.00	72.20	72.30	72.30	662.00	767.30	219	219.00	219.00	1548.00	1548	23.21	26.90	7.68	7.68	7.68	54.28	54.28
DTX-incomp_Ptr_1CBFP-B-R156-Map5	1786	307	1	0	1	0	76.90	0.00	76.90	76.90	76.90	76.90	76.90	307.00	0.00	307	307.00	307.00	307.00	307	17.19	0.00	17.19	17.19	17.19	17.19	17.19
DTX-incomp_Ptr_1CBFP-B-R176-Map5	2801	38	1	0	1	0	87.20	0.00	87.20	87.20	87.20	87.20	87.20	38.00	0.00	38	38.00	38.00	38.00	38	1.36	0.00	1.36	1.36	1.36	1.36	1.36
DTX-incomp_Ptr_1CBFP-B-R211-Map3_reversed	634	308	3	0	3	0	88.00	8.10	79.00	79.00	90.30	94.70	94.70	102.67	82.08	38	38.00	75.00	195.00	195	16.19	12.95	5.99	5.99	11.83	30.76	30.76
DTX-incomp_Ptr_1CBFP-B-R246-Map6	4720	229	2	0	2	0	58.90	6.51	54.30	54.30	58.90	63.50	63.50	114.50	40.31	86	86.00	114.50	143.00	143	2.43	0.85	1.82	1.82	2.43	3.03	3.03
DTX-incomp_Ptr_1CBFP-B-R280-Map4_reversed	10199	693	5	0	5	0	71.24	10.64	58.30	67.50	68.70	74.50	87.20	138.60	115.54	38	41.00	144.00	148.00	322	1.36	1.13	0.37	0.40	1.41	1.45	3.16
DTX-incomp_Ptr_1CBFP-B-R97-Map3_reversed	1532	210	2	0	2	0	81.00	0.00	81.00	81.00	81.00	81.00	81.00	105.00	49.50	70	70.00	105.00	140.00	140	6.85	3.23	4.57	4.57	6.85	9.14	9.14
DTX-incomp_Ptr_1CBFP-L-B154-Map1	3179	43	1	0	1	0	84.10	0.00	84.10	84.10	84.10	84.10	84.10	43.00	0.00	43	43.00	43.00	43.00	43	1.35	0.00	1.35	1.35	1.35	1.35	1.35
DTX-incomp_Ptr_1CBFP-L-B40-Map1_reversed	23601	7377	59	0	57	0	84.33	10.38	56.60	79.50	86.50	93.00	98.20	129.42	261.22	21	40.00	52.00	129.00	1836	0.55	1.11	0.09	0.17	0.22	0.55	7.78
DTX-incomp_Ptr_1CBFP-L-B57-Map1	12350	2722	3	0	3	0	79.33	12.41	66.10	66.10	81.20	90.70	90.70	907.33	1200.14	62	62.00	379.00	2281.00	2281	7.35	9.72	0.50	0.50	3.07	18.47	18.47
DTX-incomp_Ptr_1CBFP-L-B71-Map1_reversed	8381	2261	8	0	7	0	65.93	3.71	57.90	65.50	67.22	67.60	69.20	323.00	199.15	138	172.00	258.00	529.00	670	3.85	2.38	1.65	2.05	3.08	6.31	7.99
DTX-incomp_Ptr_1CBFP-L-B73-Map1_reversed	8179	801	1	0	1	0	75.20	0.00	75.20	75.20	75.20	75.20	75.20	801.00	0.00	801	801.00	801.00	801.00	801	9.79	0.00	9.79	9.79	9.79	9.79	9.79
DTX-incomp_Ptr_1CBFP-L-B76-Map1_reversed	8031	4711	7	0	4	0	67.19	5.81	59.90	65.54	67.78	73.30	73.30	1177.75	860.29	144	909.00	1199.00	2169.00	2169	14.67	10.71	1.79	11.32	14.93	27.01	27.01
DTX-incomp_Ptr_1CBFP_RS_28	5019	52	1	0	1	0	83.30	0.00	83.30	83.30	83.30	83.30	83.30	52.00	0.00	52	52.00	52.00	52.00	52	1.04	0.00	1.04	1.04	1.04	1.04	1.04
DTX-incomp_Ptr_1CBFP_RS_71_reversed	1905	640	3	0	3	0	68.60	7.01	60.70	60.70	71.00	74.10	74.10	213.33	96.44	112	112.00	224.00	304.00	304	11.20	5.06	5.88	5.88	11.76	15.96	15.96
DTX-incomp_SN15_SOL-B-G100-Map9	6414	1073	2	0	2	0	64.05	4.17	61.10	61.10	64.05	67.00	67.00	536.50	28.99	516	516.00	536.50	557.00	557	8.36	0.45	8.04	8.04	8.36	8.68	8.68
DTX-incomp_SN15_SOL-B-G121-Map4	6551	24	1	0	1	0	61.90	0.00	61.90	61.90	61.90	61.90	61.90	24.00	0.00	24	24.00	24.00	24.00	24	0.37	0.00	0.37	0.37	0.37	0.37	0.37
DTX-incomp_SN15_SOL-B-G16-Map20	1949	24	1	0	1	0	61.10	0.00	61.10	61.10	61.10	61.10	61.10	24.00	0.00	24	24.00	24.00	24.00	24	1.23	0.00	1.23	1.23	1.23	1.23	1.23
DTX-incomp_SN15_SOL-B-G28-Map20_reversed	2284	331	2	0	2	0	75.00	0.00	75.00	75.00	75.00	75.00	75.00	165.50	62.93	121	121.00	165.50	210.00	210	7.25	2.76	5.30	5.30	7.25	9.19	9.19
DTX-incomp_SN15_SOL-B-G52-Map12	2147	36	1	0	1	0	65.40	0.00	65.40	65.40	65.40	65.40	65.40	36.00	0.00	36	36.00	36.00	36.00	36	1.68	0.00	1.68	1.68	1.68	1.68	1.68
DTX-incomp_SN15_SOL-B-R116-Map6	15222	2456	4	0	4	0	78.85	5.04	72.10	77.90	80.30	82.70	82.70	614.00	1028.43	51	51.00	126.00	2153.00	2153	4.03	6.76	0.34	0.34	0.83	14.14	14.14
DTX-incomp_SN15_SOL-L-B3-Map2	9453	106	2	0	2	0	82.10	0.00	82.10	82.10	82.10	82.10	82.10	53.00	0.00	53	53.00	53.00	53.00	53	0.56	0.00	0.56	0.56	0.56	0.56	0.56
DTX-incomp_SN2000-B-G22-Map8	1842	57	1	0	1	0	76.20	0.00	76.20	76.20	76.20	76.20	76.20	57.00	0.00	57	57.00	57.00	57.00	57	3.09	0.00	3.09	3.09	3.09	3.09	3.09
DTX-incomp_SN2000-B-G28-Map9	2154	196	1	0	1	0	70.70	0.00	70.70	70.70	70.70	70.70	70.70	196.00	0.00	196	196.00	196.00	196.00	196	9.10	0.00	9.10	9.10	9.10	9.10	9.10
DTX-incomp_SN2000-B-G41-Map15_reversed	2081	267	1	0	1	0	73.40	0.00	73.40	73.40	73.40	73.40	73.40	267.00	0.00	267	267.00	267.00	267.00	267	12.83	0.00	12.83	12.83	12.83	12.83	12.83
DTX-incomp_SN4-B-G139-Map6_reversed	6626	24	1	0	1	0	61.00	0.00	61.00	61.00	61.00	61.00	61.00	24.00	0.00	24	24.00	24.00	24.00	24	0.36	0.00	0.36	0.36	0.36	0.36	0.36
DTX-incomp_SN4-B-G52-Map18	2762	91	2	0	2	0	89.85	14.35	79.70	79.70	89.85	100.00	100.00	45.50	27.58	26	26.00	45.50	65.00	65	1.65	1.00	0.94	0.94	1.65	2.35	2.35
DTX-incomp_SN4-B-R13-Map5_reversed	1647	154	1	0	1	0	64.10	0.00	64.10	64.10	64.10	64.10	64.10	154.00	0.00	154	154.00	154.00	154.00	154	9.35	0.00	9.35	9.35	9.35	9.35	9.35
DTX-incomp_SN4-B-R44-Map4	2123	124	3	0	3	0	88.83	4.35	84.60	84.60	88.60	93.30	93.30	41.33	10.26	30	30.00	44.00	50.00	50	1.95	0.48	1.41	1.41	2.07	2.36	2.36
DTX-incomp_SN4-L-B20-Map1	16331	13034	9	0	6	0	71.80	8.66	61.40	69.00	70.75	71.10	87.80	2172.33	2907.62	24	42.00	1268.00	2722.00	7710	13.30	17.80	0.15	0.26	7.76	16.67	47.21
DTX-incomp_SN4-L-B26-Map1	14776	24	1	0	1	0	61.60	0.00	61.60	61.60	61.60	61.60	61.60	24.00	0.00	24	24.00	24.00	24.00	24	0.16	0.00	0.16	0.16	0.16	0.16	0.16
DTX-incomp_SN4_RS_17_reversed	6842	24	1	0	1	0	61.90	0.00	61.90	61.90	61.90	61.90	61.90	24.00	0.00	24	24.00	24.00	24.00	24	0.35	0.00	0.35	0.35	0.35	0.35	0.35
DTX-incomp_SN79_1087-B-G28-Map5	1863	138	1	0	1	0	74.70	0.00	74.70	74.70	74.70	74.70	74.70	138.00	0.00	138	138.00	138.00	138.00	138	7.41	0.00	7.41	7.41	7.41	7.41	7.41
DTX-incomp_SN79_1087_RS_12	1881	92	1	0	1	0	74.50	0.00	74.50	74.50	74.50	74.50	74.50	92.00	0.00	92	92.00	92.00	92.00	92	4.89	0.00	4.89	4.89	4.89	4.89	4.89
DXX-MITE-chim_CS10_RS_99_reversed	289	3900	22	4	22	4	86.90	5.82	75.20	81.80	86.70	90.90	97.90	177.27	87.59	28	108.00	196.00	260.00	289	61.34	30.31	9.69	37.37	67.82	89.97	100.00
DXX-MITE-chim_Ptr_1CBFP_RS_218	241	235	1	1	1	1	78.30	0.00	78.30	78.30	78.30	78.30	78.30	235.00	0.00	235	235.00	235.00	235.00	235	97.51	0.00	97.51	97.51	97.51	97.51	97.51
DXX-MITE_CS10-B-G218-Map6	435	870	3	1	3	1	93.97	4.23	89.10	89.10	96.10	96.70	96.70	290.00	225.39	30	30.00	410.00	430.00	430	66.67	51.81	6.90	6.90	94.25	98.85	98.85
DXX-MITE_CS10-B-G223-Map7	431	2466	8	5	8	5	96.66	5.78	82.40	98.40	98.60	99.10	99.50	362.00	107.35	139	371.00	420.00	430.00	430	83.99	24.91	32.25	86.08	97.45	99.77	99.77
DXX-MITE_CS10_RS_113	199	1636	10	6	10	6	83.86	2.91	78.90	81.40	84.95	86.40	87.00	163.60	56.31	50	117.00	196.00	199.00	205	82.21	28.30	25.13	58.79	98.49	100.00	103.02
DXX-MITE_CS10_RS_127	167	3470	24	18	24	18	91.94	3.85	76.00	91.70	92.75	94.00	96.40	151.38	37.26	28	163.00	167.00	169.00	171	90.64	22.31	16.77	97.60	100.00	101.20	102.40
DXX-MITE_CS10_RS_128	164	2843	21	10	21	10	86.13	6.91	73.30	78.70	89.40	91.00	93.80	135.38	29.80	90	104.00	149.00	162.00	169	82.55	18.17	54.88	63.41	90.85	98.78	103.05
DXX-MITE_CS10_RS_129	160	1097	7	6	7	6	89.33	6.67	79.80	80.50	90.10	95.00	95.60	156.71	9.96	135	158.00	159.00	161.00	166	97.95	6.23	84.38	98.75	99.38	100.62	103.75
DXX-MITE_CS10_RS_67	1119	46	1	0	1	0	87.00	0.00	87.00	87.00	87.00	87.00	87.00	46.00	0.00	46	46.00	46.00	46.00	46	4.11	0.00	4.11	4.11	4.11	4.11	4.11
DXX-MITE_Ptr_1CBFP_RS_243	197	2196	14	4	14	4	79.25	4.00	72.60	75.90	79.00	81.70	86.70	156.86	47.69	69	97.00	181.00	194.00	198	79.62	24.21	35.03	49.24	91.88	98.48	100.51
DXX-MITE_Ptr_1CBFP_RS_302	147	189	2	1	2	1	84.65	2.47	82.90	82.90	84.65	86.40	86.40	94.50	71.42	44	44.00	94.50	145.00	145	64.29	48.58	29.93	29.93	64.29	98.64	98.64
DXX-MITE_SN15_SOL_RS_52	385	158	1	0	1	0	72.40	0.00	72.40	72.40	72.40	72.40	72.40	158.00	0.00	158	158.00	158.00	158.00	158	41.04	0.00	41.04	41.04	41.04	41.04	41.04
DXX-MITE_SN4-B-R80-Map3	1053	273	1	0	1	0	71.70	0.00	71.70	71.70	71.70	71.70	71.70	273.00	0.00	273	273.00	273.00	273.00	273	25.93	0.00	25.93	25.93	25.93	25.93	25.93
DXX-MITE_SN4_RS_41	1056	266	1	0	1	0	68.10	0.00	68.10	68.10	68.10	68.10	68.10	266.00	0.00	266	266.00	266.00	266.00	266	25.19	0.00	25.19	25.19	25.19	25.19	25.19
DXX-MITE_SN79_1087-B-G16-Map13	1710	101	1	0	1	0	60.40	0.00	60.40	60.40	60.40	60.40	60.40	101.00	0.00	101	101.00	101.00	101.00	101	5.91	0.00	5.91	5.91	5.91	5.91	5.91
DXX_SN2000-B-R1-Map12	17798	672	2	0	2	0	61.75	0.64	61.30	61.30	61.75	62.20	62.20	336.00	120.21	251	251.00	336.00	421.00	421	1.89	0.68	1.41	1.41	1.89	2.37	2.37
noCat_CS10-B-G4-Map20	2837	368	5	0	5	0	79.10	6.74	73.20	74.00	78.10	80.20	90.00	73.60	19.05	56	60.00	64.00	90.00	98	2.59	0.67	1.97	2.11	2.26	3.17	3.45
noCat_SN4-B-G21-Map20	2387	132	1	0	1	0	73.30	0.00	73.30	73.30	73.30	73.30	73.30	132.00	0.00	132	132.00	132.00	132.00	132	5.53	0.00	5.53	5.53	5.53	5.53	5.53
noCat_SN4-B-G41-Map20	2541	26	1	0	1	0	57.60	0.00	57.60	57.60	57.60	57.60	57.60	26.00	0.00	26	26.00	26.00	26.00	26	1.02	0.00	1.02	1.02	1.02	1.02	1.02
noCat_SN79_1087-B-G2-Map20	4539	200	1	0	1	0	71.80	0.00	71.80	71.80	71.80	71.80	71.80	200.00	0.00	200	200.00	200.00	200.00	200	4.41	0.00	4.41	4.41	4.41	4.41	4.41
noCat_SN79_1087-B-R26-Map13	9237	21002	12	0	11	0	65.77	4.82	58.30	63.02	66.10	69.40	73.00	1909.27	2081.88	31	133.00	1358.00	4099.00	5305	20.67	22.54	0.34	1.44	14.70	44.38	57.43
PotentialHostGene_CS10-B-G101-Map5	3142	3008	7	0	7	0	90.51	9.62	76.60	76.90	95.00	96.30	99.70	429.71	475.66	91	92.00	301.00	437.00	1470	13.68	15.14	2.90	2.93	9.58	13.91	46.79
PotentialHostGene_CS10-B-G242-Map4	526	748	3	1	3	1	80.80	15.19	67.80	67.80	77.10	97.50	97.50	249.33	234.86	83	83.00	147.00	518.00	518	47.40	44.65	15.78	15.78	27.95	98.48	98.48
PotentialHostGene_CS10-B-G87-Map9	2432	280	2	0	2	0	78.75	19.73	64.80	64.80	78.75	92.70	92.70	140.00	149.91	34	34.00	140.00	246.00	246	5.76	6.16	1.40	1.40	5.76	10.12	10.12
PotentialHostGene_CS10-B-G99-Map17	2189	327	3	0	3	0	77.13	14.23	64.80	64.80	73.90	92.70	92.70	109.00	118.82	34	34.00	47.00	246.00	246	4.98	5.43	1.55	1.55	2.15	11.24	11.24
PotentialHostGene_CS10-B-R109-Map4	1063	1761	8	1	8	1	84.39	11.51	65.30	79.00	82.70	96.40	97.70	226.50	344.36	51	63.00	79.00	342.00	1045	21.31	32.40	4.80	5.93	7.43	32.17	98.31
PotentialHostGene_CS10-B-R126-Map3	1891	451	2	0	2	0	73.15	5.87	69.00	69.00	73.15	77.30	77.30	225.50	272.24	33	33.00	225.50	418.00	418	11.92	14.40	1.75	1.75	11.92	22.10	22.10
PotentialHostGene_CS10-B-R149-Map3	1594	1472	1	0	1	0	66.30	0.00	66.30	66.30	66.30	66.30	66.30	1472.00	0.00	1472	1472.00	1472.00	1472.00	1472	92.35	0.00	92.35	92.35	92.35	92.35	92.35
PotentialHostGene_CS10-B-R51-Map3	3777	15247	9	2	9	2	87.20	11.20	71.20	76.90	88.70	97.50	98.80	1694.11	1670.78	24	179.00	791.00	3084.00	3784	44.85	44.24	0.64	4.74	20.94	81.65	100.19
PotentialHostGene_CS10-B-R86-Map3	5391	17493	7	2	7	2	84.23	10.74	69.20	74.70	81.70	95.10	96.90	2499.00	2627.37	60	120.00	940.00	5406.00	5419	46.36	48.74	1.11	2.23	17.44	100.28	100.52
PotentialHostGene_CS10-B-R87-Map12	8046	3941	19	0	19	0	69.99	8.24	58.50	64.80	67.70	74.20	88.90	207.42	203.76	24	63.00	137.00	283.00	760	2.58	2.53	0.30	0.78	1.70	3.52	9.45
PotentialHostGene_CS10-L-B36-Map1	11369	29876	64	1	56	1	78.52	9.04	60.00	73.00	77.35	83.90	99.50	533.50	1486.77	21	200.00	374.00	498.00	11383	4.69	13.08	0.18	1.76	3.29	4.38	100.12
PotentialHostGene_CS10_RS_134	149	224	2	0	2	0	76.40	5.09	72.80	72.80	76.40	80.00	80.00	112.00	7.07	107	107.00	112.00	117.00	117	75.17	4.75	71.81	71.81	75.17	78.52	78.52
PotentialHostGene_CS10_RS_22	5814	29376	10	4	10	4	87.17	15.05	54.60	83.00	92.60	99.30	99.50	2937.60	2618.86	47	181.00	2809.50	5789.00	5799	50.53	45.04	0.81	3.11	48.32	99.57	99.74
PotentialHostGene_CS10_RS_64	1241	11108	26	0	26	0	68.82	4.25	56.50	67.40	69.30	71.30	78.50	427.23	252.68	34	201.00	434.00	665.00	781	34.43	20.36	2.74	16.20	34.97	53.59	62.93
PotentialHostGene_CS10_RS_76	539	3109	10	4	10	4	84.94	7.62	75.00	78.90	84.80	91.60	96.10	310.90	219.03	96	100.00	282.00	537.00	541	57.68	40.64	17.81	18.55	52.32	99.63	100.37
PotentialHostGene_CS10_RS_94	375	644	7	0	7	0	77.64	4.54	71.10	74.80	75.80	81.50	84.10	92.00	50.45	21	39.00	104.00	150.00	151	24.53	13.45	5.60	10.40	27.73	40.00	40.27
PotentialHostGene_Ptr_1CBFP-B-G184-Map3	4708	930	4	0	4	0	67.92	8.04	58.30	66.80	67.75	77.90	77.90	232.50	251.67	41	138.00	143.00	603.00	603	4.94	5.35	0.87	2.93	3.04	12.81	12.81
PotentialHostGene_Ptr_1CBFP-B-R116-Map5	2074	61	1	0	1	0	81.50	0.00	81.50	81.50	81.50	81.50	81.50	61.00	0.00	61	61.00	61.00	61.00	61	2.94	0.00	2.94	2.94	2.94	2.94	2.94
PotentialHostGene_Ptr_1CBFP-B-R209-Map4	1212	730	3	0	3	0	69.67	10.44	58.40	58.40	71.60	79.00	79.00	243.33	141.21	114	114.00	222.00	394.00	394	20.08	11.65	9.41	9.41	18.32	32.51	32.51
PotentialHostGene_Ptr_1CBFP-B-R249-Map3	4427	2926	1	0	1	0	83.10	0.00	83.10	83.10	83.10	83.10	83.10	2926.00	0.00	2926	2926.00	2926.00	2926.00	2926	66.09	0.00	66.09	66.09	66.09	66.09	66.09
PotentialHostGene_Ptr_1CBFP-B-R69-Map4	2229	1009	3	0	3	0	60.10	3.04	58.10	58.10	58.60	63.60	63.60	336.33	8.08	327	327.00	341.00	341.00	341	15.09	0.36	14.67	14.67	15.30	15.30	15.30
PotentialHostGene_Ptr_1CBFP-L-B136-Map1	5109	143	1	0	1	0	54.50	0.00	54.50	54.50	54.50	54.50	54.50	143.00	0.00	143	143.00	143.00	143.00	143	2.80	0.00	2.80	2.80	2.80	2.80	2.80
PotentialHostGene_Ptr_1CBFP-L-B144-Map1	4003	5052	4	0	3	0	65.14	9.44	54.30	54.30	69.63	71.50	71.50	1684.00	1336.25	143	143.00	2387.00	2522.00	2522	42.07	33.38	3.57	3.57	59.63	63.00	63.00
PotentialHostGene_Ptr_1CBFP-L-B50-Map1	13455	3850	11	0	10	0	64.62	5.02	57.90	58.90	66.50	68.19	71.80	385.00	250.78	41	206.00	395.00	445.00	963	2.86	1.86	0.30	1.53	2.94	3.31	7.16
PotentialHostGene_Ptr_1CBFP_RS_113	957	477	2	0	2	0	66.85	10.54	59.40	59.40	66.85	74.30	74.30	238.50	301.93	25	25.00	238.50	452.00	452	24.92	31.55	2.61	2.61	24.92	47.23	47.23
PotentialHostGene_Ptr_1CBFP_RS_56	2196	20262	35	1	35	1	73.54	5.95	60.50	69.30	74.00	78.50	84.20	579.69	588.81	27	154.00	492.00	570.00	2197	26.40	26.81	1.23	7.01	22.40	25.96	100.05
PotentialHostGene_SN15_SOL-B-R155-Map3	4466	3186	2	0	2	0	65.00	5.23	61.30	61.30	65.00	68.70	68.70	1593.00	432.75	1287	1287.00	1593.00	1899.00	1899	35.67	9.69	28.82	28.82	35.67	42.52	42.52
PotentialHostGene_SN2000-B-R45-Map10	20072	391	2	0	2	0	80.40	12.87	71.30	71.30	80.40	89.50	89.50	195.50	221.32	39	39.00	195.50	352.00	352	0.97	1.10	0.19	0.19	0.97	1.75	1.75
PotentialHostGene_SN2000-L-B17-Map1	11972	4123	7	0	5	0	72.08	6.51	62.62	70.30	71.70	75.80	80.00	824.60	941.51	92	125.00	256.00	1513.00	2137	6.89	7.86	0.77	1.04	2.14	12.64	17.85
PotentialHostGene_SN79_1087-B-G1-Map20	7451	143	1	0	1	0	66.40	0.00	66.40	66.40	66.40	66.40	66.40	143.00	0.00	143	143.00	143.00	143.00	143	1.92	0.00	1.92	1.92	1.92	1.92	1.92
PotentialHostGene_SN79_1087-B-R25-Map11	5632	501	4	0	4	0	77.25	13.01	60.50	73.60	79.65	89.20	89.20	125.25	100.29	36	48.00	111.00	243.00	243	2.22	1.78	0.64	0.85	1.97	4.31	4.31
PotentialHostGene_SN79_1087-L-B30-Map1	2676	1358	1	0	1	0	71.50	0.00	71.50	71.50	71.50	71.50	71.50	1358.00	0.00	1358	1358.00	1358.00	1358.00	1358	50.75	0.00	50.75	50.75	50.75	50.75	50.75
RIX-comp-chim_CS10-B-G141-Map3_reversed	6346	24993	15	0	14	0	94.07	9.73	67.90	95.30	97.50	98.90	99.30	1785.21	2210.54	32	163.00	432.00	4012.00	5666	28.13	34.83	0.50	2.57	6.81	63.22	89.28
RIX-comp-chim_CS10-B-G150-Map3	12084	67975	35	0	31	0	92.56	9.78	67.20	87.80	98.30	99.50	100.00	2232.55	2758.88	32	203.00	721.00	4756.00	10641	18.48	22.83	0.26	1.68	5.97	39.36	88.06
RIX-comp-chim_CS10-B-G6-Map20	4461	22997	21	0	20	0	94.49	8.18	69.00	95.00	98.55	99.00	99.20	1149.85	588.26	28	892.00	1485.50	1510.00	1844	25.78	13.19	0.63	20.00	33.30	33.85	41.34
RIX-comp-chim_CS10-L-B35-Map1_reversed	12164	51904	26	0	21	0	87.44	8.85	64.20	84.80	87.24	93.10	98.50	2471.62	2948.75	34	246.00	891.00	4038.00	10013	20.32	24.24	0.28	2.02	7.32	33.20	82.32
RIX-comp-chim_CS10-L-B40-Map1	10442	799	3	0	3	0	87.23	8.78	77.10	77.10	92.30	92.30	92.30	301.00	341.21	104	104.00	104.00	695.00	695	2.88	3.27	1.00	1.00	1.00	6.66	6.66
RIX-comp-chim_CS10-L-B7-Map5_reversed	13283	9239	7	0	6	0	79.44	14.02	67.40	67.60	74.12	93.40	100.00	1539.83	3342.66	32	66.00	222.00	338.00	8359	11.59	25.16	0.24	0.50	1.67	2.54	62.93
RIX-comp-chim_CS10_RS_3_reversed	16053	81554	31	2	25	2	81.59	10.61	64.36	73.60	80.70	90.50	98.50	3262.36	5216.27	28	211.00	697.00	2534.00	16086	20.32	32.49	0.17	1.31	4.34	15.79	100.21
RIX-comp-chim_Ptr_1CBFP-L-B95-Map1_reversed	6186	237	5	0	5	0	89.50	4.48	84.00	87.00	88.30	93.90	94.30	47.40	17.59	33	34.00	43.00	51.00	76	0.77	0.28	0.53	0.55	0.70	0.82	1.23
RIX-comp_CS10-B-G147-Map5	5762	1979	2	0	2	0	98.95	0.49	98.60	98.60	98.95	99.30	99.30	989.50	173.24	867	867.00	989.50	1112.00	1112	17.17	3.01	15.05	15.05	17.17	19.30	19.30
RIX-comp_CS10-B-G155-Map19	6228	175	3	0	3	0	80.73	1.17	79.40	79.40	81.20	81.60	81.60	58.33	8.08	49	49.00	63.00	63.00	63	0.94	0.13	0.79	0.79	1.01	1.01	1.01
RIX-comp_CS10-B-G182-Map4	11998	87291	18	4	16	4	93.81	9.00	70.90	93.80	98.45	99.20	99.60	5455.69	4852.69	29	938.00	5985.00	11584.00	12005	45.47	40.45	0.24	7.82	49.88	96.55	100.06
RIX-comp_CS10-B-G43-Map4_reversed	1933	1796	3	0	3	0	77.13	18.10	62.30	62.30	71.80	97.30	97.30	598.67	793.55	53	53.00	234.00	1509.00	1509	30.97	41.05	2.74	2.74	12.11	78.07	78.07
RIX-comp_CS10-B-G75-Map19_reversed	2667	162	1	0	1	0	73.00	0.00	73.00	73.00	73.00	73.00	73.00	162.00	0.00	162	162.00	162.00	162.00	162	6.07	0.00	6.07	6.07	6.07	6.07	6.07
RIX-comp_CS10-B-R13-Map20	5822	13634	17	0	15	1	92.35	7.78	67.90	90.60	94.18	97.40	99.70	908.93	1480.35	32	148.00	377.00	854.00	5802	15.61	25.43	0.55	2.54	6.48	14.67	99.66
RIX-comp_CS10-B-R206-Map3_reversed	7148	12457	27	0	27	0	76.86	6.58	59.60	73.40	76.20	80.60	90.80	473.74	1116.72	28	90.00	288.00	334.00	6002	6.63	15.62	0.39	1.26	4.03	4.67	83.97
RIX-comp_CS10-B-R90-Map13	6081	21463	5	3	5	3	95.30	4.76	87.40	95.20	95.80	99.00	99.10	4292.60	2527.32	678	2567.00	6058.00	6072.00	6088	70.59	41.56	11.15	42.21	99.62	99.85	100.12
RIX-comp_Ptr_1CBFP-B-G156-Map17_reversed	5955	379	1	0	1	0	55.00	0.00	55.00	55.00	55.00	55.00	55.00	379.00	0.00	379	379.00	379.00	379.00	379	6.36	0.00	6.36	6.36	6.36	6.36	6.36
RIX-comp_Ptr_1CBFP-B-R233-Map15_reversed	4012	37	1	0	1	0	91.40	0.00	91.40	91.40	91.40	91.40	91.40	37.00	0.00	37	37.00	37.00	37.00	37	0.92	0.00	0.92	0.92	0.92	0.92	0.92
RIX-comp_Ptr_1CBFP-B-R9-Map20	5977	1067	5	0	3	0	74.62	15.61	56.77	56.77	81.40	85.70	85.70	355.67	502.29	42	42.00	90.00	935.00	935	5.95	8.40	0.70	0.70	1.51	15.64	15.64
RIX-incomp-chim_CS10-B-G162-Map4	8442	48904	23	1	17	1	91.98	7.55	77.00	85.90	95.50	98.69	99.70	2877.29	2665.20	40	717.00	2354.00	5418.00	8441	34.08	31.57	0.47	8.49	27.88	64.18	99.99
RIX-incomp-chim_CS10-B-R42-Map15	7265	17454	9	0	9	0	92.31	2.98	88.10	90.80	92.70	93.40	96.60	1988.56	2307.16	21	443.00	798.00	2501.00	6201	27.37	31.76	0.29	6.10	10.98	34.43	85.35
RIX-incomp_CS10-B-G110-Map20_reversed	4583	72	1	0	1	0	92.60	0.00	92.60	92.60	92.60	92.60	92.60	72.00	0.00	72	72.00	72.00	72.00	72	1.57	0.00	1.57	1.57	1.57	1.57	1.57
RIX-incomp_CS10-B-G152-Map18	6001	7882	7	0	7	0	93.76	6.66	80.00	91.60	95.00	98.80	98.80	1126.00	992.74	35	49.00	1848.00	1945.00	1948	18.76	16.54	0.58	0.82	30.79	32.41	32.46
RIX-incomp_CS10-B-G290-Map20	1407	553	3	0	3	0	96.40	4.59	91.10	91.10	99.00	99.10	99.10	184.33	152.19	28	28.00	193.00	332.00	332	13.10	10.82	1.99	1.99	13.72	23.60	23.60
RIX-incomp_CS10-B-G78-Map3_reversed	2178	2242	2	1	2	1	80.40	25.60	62.30	62.30	80.40	98.50	98.50	1121.00	1510.38	53	53.00	1121.00	2189.00	2189	51.47	69.35	2.43	2.43	51.47	100.51	100.51
RIX-incomp_CS10-B-P55.0-Map3	876	1579	4	1	4	1	92.22	5.05	88.20	89.60	90.60	99.50	99.50	394.75	335.25	60	246.00	337.50	844.00	844	45.06	38.27	6.85	28.08	38.53	96.35	96.35
RIX-incomp_CS10-B-R156-Map4	5480	21968	6	4	6	4	99.47	0.16	99.30	99.30	99.45	99.60	99.70	3668.17	2809.60	41	41.00	5475.00	5486.00	5491	66.94	51.27	0.75	0.75	99.91	100.11	100.20
RIX-incomp_CS10-B-R59-Map20	16441	36752	52	0	44	0	89.09	8.23	71.48	82.50	91.00	96.50	100.00	835.84	1520.67	27	37.00	179.00	689.00	5532	5.08	9.25	0.16	0.23	1.09	4.19	33.65
RIX-incomp_CS10-L-B30-Map1	13820	8621	13	0	13	0	89.42	13.33	65.20	77.50	97.50	98.50	100.00	663.15	599.69	23	165.00	508.00	1052.00	1568	4.80	4.34	0.17	1.19	3.68	7.61	11.35
RIX-incomp_CS10_RS_2	16859	18445	49	0	47	0	76.91	10.92	58.50	68.50	77.30	86.00	97.30	402.51	598.84	24	71.00	140.00	360.00	2735	2.39	3.55	0.14	0.42	0.83	2.14	16.22
RIX-incomp_Ptr_1CBFP-B-R98-Map5	1010	107	1	0	1	0	76.80	0.00	76.80	76.80	76.80	76.80	76.80	107.00	0.00	107	107.00	107.00	107.00	107	10.59	0.00	10.59	10.59	10.59	10.59	10.59
RLX-comp-chim_CS10-L-B109-Map1_reversed	5756	20428	20	1	19	1	84.31	7.80	71.70	79.00	82.40	90.40	99.20	1075.16	1536.30	22	99.00	238.00	1925.00	5755	18.68	26.69	0.38	1.72	4.13	33.44	99.98
RLX-comp-chim_CS10-L-B15-Map2	6311	15423	14	1	13	1	91.41	8.44	77.37	84.80	92.00	99.20	100.00	1208.62	1838.22	52	250.00	289.00	2169.00	6320	19.15	29.13	0.82	3.96	4.58	34.37	100.14
RLX-comp-chim_CS10-L-B34-Map1	12659	20055	4	1	4	1	84.05	16.44	60.80	86.70	88.00	99.40	99.40	5013.75	5745.38	540	641.00	3428.00	12659.00	12659	39.61	45.39	4.27	5.06	27.08	100.00	100.00
RLX-comp-chim_CS10-L-B5-Map6	13739	47458	18	0	14	0	87.11	12.73	55.00	80.57	88.87	98.00	100.00	3389.86	3712.57	43	476.00	2148.00	7283.00	9951	24.67	27.02	0.31	3.46	15.63	53.01	72.43
RLX-comp-chim_CS10_RS_4_reversed	14429	14699	6	0	5	0	91.09	9.10	79.80	82.67	96.90	97.00	99.10	2988.00	5801.72	79	241.00	241.00	1034.00	13345	20.71	40.21	0.55	1.67	1.67	7.17	92.49
RLX-comp-chim_CS10_RS_6	13662	31252	28	0	19	0	84.17	10.29	59.76	79.70	81.00	94.10	99.20	1654.11	2368.38	109	161.00	260.00	1960.00	7046	12.11	17.34	0.80	1.18	1.90	14.35	51.57
RLX-comp-chim_CS10_RS_8_reversed	12578	8338	18	0	18	0	98.51	4.73	79.60	99.50	99.50	100.00	100.00	586.22	1151.21	38	200.00	203.00	203.00	3875	4.66	9.15	0.30	1.59	1.61	1.61	30.81
RLX-comp-chim_CS10_RS_9	12122	47650	24	0	21	0	96.02	4.64	82.00	93.70	98.40	99.30	100.00	2284.00	3010.11	29	79.00	300.00	5218.00	9193	18.84	24.83	0.24	0.65	2.47	43.05	75.84
RLX-comp-chim_Ptr_1CBFP-B-G211-Map6	5369	123	1	0	1	0	58.80	0.00	58.80	58.80	58.80	58.80	58.80	123.00	0.00	123	123.00	123.00	123.00	123	2.29	0.00	2.29	2.29	2.29	2.29	2.29
RLX-comp-chim_Ptr_1CBFP-L-B107-Map1_reversed	5566	85	1	0	1	0	84.20	0.00	84.20	84.20	84.20	84.20	84.20	85.00	0.00	85	85.00	85.00	85.00	85	1.53	0.00	1.53	1.53	1.53	1.53	1.53
RLX-comp-chim_SN15_SOL-L-B6-Map1_reversed	23289	361	1	0	1	0	70.60	0.00	70.60	70.60	70.60	70.60	70.60	361.00	0.00	361	361.00	361.00	361.00	361	1.55	0.00	1.55	1.55	1.55	1.55	1.55
RLX-comp-chim_SN2000-L-B23-Map1_reversed	10838	779	1	0	1	0	70.00	0.00	70.00	70.00	70.00	70.00	70.00	779.00	0.00	779	779.00	779.00	779.00	779	7.19	0.00	7.19	7.19	7.19	7.19	7.19
RLX-comp-chim_SN2000-L-B30-Map1	9112	268	1	0	1	0	71.20	0.00	71.20	71.20	71.20	71.20	71.20	268.00	0.00	268	268.00	268.00	268.00	268	2.94	0.00	2.94	2.94	2.94	2.94	2.94
RLX-comp-chim_SN4-L-B19-Map1	16965	345	2	0	2	0	69.05	5.87	64.90	64.90	69.05	73.20	73.20	172.50	137.89	75	75.00	172.50	270.00	270	1.02	0.81	0.44	0.44	1.02	1.59	1.59
RLX-comp-chim_SN4_RS_6	12849	92	1	0	1	0	78.50	0.00	78.50	78.50	78.50	78.50	78.50	92.00	0.00	92	92.00	92.00	92.00	92	0.72	0.00	0.72	0.72	0.72	0.72	0.72
RLX-comp_CS10-B-G128-Map20	7343	23446	11	3	11	3	92.50	7.14	79.00	91.50	95.40	97.00	99.80	2154.18	3329.90	84	114.00	153.00	7325.00	7343	29.34	45.35	1.14	1.55	2.08	99.75	100.00
RLX-comp_CS10-B-G169-Map6_reversed	7467	15180	4	2	4	2	97.75	1.23	97.10	97.10	97.15	99.60	99.60	3855.25	4173.38	241	241.00	3855.00	7470.00	7470	51.63	55.89	3.23	3.23	51.63	100.04	100.04
RLX-comp_CS10-B-P25.24-Map9	6972	19260	13	2	8	2	86.43	11.31	71.30	78.77	86.25	99.10	99.10	2407.50	2871.99	113	568.00	1360.00	6964.00	6977	34.53	41.19	1.62	8.15	19.51	99.89	100.07
RLX-comp_CS10-B-P4.2-Map13	6461	7470	11	1	11	1	98.20	3.69	88.10	99.50	99.50	100.00	100.00	770.36	1884.72	198	200.00	203.00	203.00	6453	11.92	29.17	3.06	3.10	3.14	3.14	99.88
RLX-comp_CS10-B-P8.2-Map5	7330	21505	19	1	19	1	94.05	4.85	79.70	91.70	95.90	97.50	99.60	1162.47	1934.51	42	114.00	468.00	988.00	7324	15.86	26.39	0.57	1.56	6.38	13.48	99.92
RLX-comp_CS10-B-R10-Map20	6216	1971	9	0	9	0	99.02	1.04	96.70	98.70	99.00	99.70	100.00	236.44	184.03	78	79.00	291.00	299.00	633	3.80	2.96	1.25	1.27	4.68	4.81	10.18
RLX-comp_CS10-B-R159-Map5_reversed	7414	1275	4	0	2	0	70.94	9.84	63.98	63.98	70.94	77.90	77.90	637.50	628.62	193	193.00	637.50	1082.00	1082	8.60	8.48	2.60	2.60	8.60	14.59	14.59
RLX-comp_CS10-B-R27-Map9	7372	8362	11	0	6	1	85.56	11.22	66.20	79.50	88.99	94.40	95.30	1393.67	2952.18	43	68.00	131.50	582.00	7406	18.90	40.05	0.58	0.92	1.78	7.89	100.46
RLX-comp_CS10-B-R4-Map20_reversed	7432	22962	7	2	7	2	92.40	8.87	73.60	91.50	94.70	98.50	98.80	3296.57	3609.08	114	114.00	1086.00	7339.00	7344	44.36	48.56	1.53	1.53	14.61	98.75	98.82
RLX-comp_CS10-B-R69-Map20	6230	75	1	0	1	0	99.70	0.00	99.70	99.70	99.70	99.70	99.70	75.00	0.00	75	75.00	75.00	75.00	75	1.20	0.00	1.20	1.20	1.20	1.20	1.20
RLX-comp_CS10-L-B100-Map1	6211	6214	1	1	1	1	99.30	0.00	99.30	99.30	99.30	99.30	99.30	6214.00	0.00	6214	6214.00	6214.00	6214.00	6214	100.05	0.00	100.05	100.05	100.05	100.05	100.05
RLX-comp_CS10-L-B103-Map1	6125	367	3	0	2	0	86.14	1.75	84.90	84.90	86.14	87.37	87.37	203.50	142.13	103	103.00	203.50	304.00	304	3.32	2.32	1.68	1.68	3.32	4.96	4.96
RLX-comp_CS10-L-B106-Map1	5766	21250	12	2	12	2	86.35	10.22	67.70	80.20	91.15	92.70	99.50	1770.83	2083.32	22	282.00	773.50	2538.00	5773	30.71	36.13	0.38	4.89	13.41	44.02	100.12
RLX-comp_CS10-L-B37-Map1_reversed	11017	11152	50	0	40	0	80.40	8.35	64.30	75.20	78.73	89.00	94.00	279.35	402.34	21	72.00	137.50	376.00	1914	2.54	3.65	0.19	0.65	1.25	3.41	17.37
RLX-comp_CS10-L-B56-Map1_reversed	7442	1474	9	0	8	0	89.52	8.99	70.70	91.50	92.40	94.18	99.50	206.88	195.33	28	114.00	140.00	478.00	539	2.78	2.62	0.38	1.53	1.88	6.42	7.24
RLX-comp_CS10-L-B58-Map1	7380	1483	8	0	7	0	86.61	10.60	73.00	74.60	87.77	97.70	99.80	211.86	203.97	31	72.00	116.00	477.00	533	2.87	2.76	0.42	0.98	1.57	6.46	7.22
RLX-comp_CS10-L-B66-Map1	7339	5774	2	0	2	0	91.80	0.85	91.20	91.20	91.80	92.40	92.40	2887.00	3915.96	118	118.00	2887.00	5656.00	5656	39.34	53.36	1.61	1.61	39.34	77.07	77.07
RLX-comp_CS10-L-B73-Map1_reversed	7211	1500	7	0	6	0	80.72	9.21	74.20	75.50	77.80	80.00	99.00	250.00	135.98	117	125.00	218.50	374.00	447	3.47	1.89	1.62	1.73	3.03	5.19	6.20
RLX-comp_CS10-L-B84-Map1	6457	23818	33	1	26	1	76.95	8.41	64.30	71.60	75.85	79.09	99.40	921.00	1339.38	25	149.00	430.50	1332.00	6456	14.26	20.74	0.39	2.31	6.67	20.63	99.98
RLX-comp_CS10-L-B87-Map1_reversed	6446	24	1	0	1	0	88.10	0.00	88.10	88.10	88.10	88.10	88.10	24.00	0.00	24	24.00	24.00	24.00	24	0.37	0.00	0.37	0.37	0.37	0.37	0.37
RLX-comp_CS10-L-B92-Map1_reversed	6324	9548	14	0	10	1	81.86	6.34	67.40	79.89	81.68	85.00	90.01	955.60	1920.40	67	129.00	284.50	540.00	6356	15.11	30.37	1.06	2.04	4.50	8.54	100.51
RLX-comp_Ptr_1CBFP-B-R68-Map14	5832	285	4	0	4	0	81.35	3.18	78.50	78.80	81.05	84.80	84.80	71.25	31.48	45	47.00	64.50	111.00	111	1.22	0.54	0.77	0.81	1.11	1.90	1.90
RLX-comp_Ptr_1CBFP-L-B121-Map1	5415	93	2	0	2	0	86.35	0.49	86.00	86.00	86.35	86.70	86.70	46.50	2.12	45	45.00	46.50	48.00	48	0.86	0.04	0.83	0.83	0.86	0.89	0.89
RLX-comp_Ptr_1CBFP-L-B129-Map1	5326	123	1	0	1	0	59.30	0.00	59.30	59.30	59.30	59.30	59.30	123.00	0.00	123	123.00	123.00	123.00	123	2.31	0.00	2.31	2.31	2.31	2.31	2.31
RLX-comp_Ptr_1CBFP-L-B25-Map3	5168	1534	2	0	1	0	57.99	0.00	57.99	57.99	57.99	57.99	57.99	1534.00	0.00	1534	1534.00	1534.00	1534.00	1534	29.68	0.00	29.68	29.68	29.68	29.68	29.68
RLX-comp_SN15_SOL-L-B9-Map1_reversed	22122	29	1	0	1	0	93.10	0.00	93.10	93.10	93.10	93.10	93.10	29.00	0.00	29	29.00	29.00	29.00	29	0.13	0.00	0.13	0.13	0.13	0.13	0.13
RLX-comp_SN4-L-B35-Map1_reversed	12525	26	1	0	1	0	96.30	0.00	96.30	96.30	96.30	96.30	96.30	26.00	0.00	26	26.00	26.00	26.00	26	0.21	0.00	0.21	0.21	0.21	0.21	0.21
RLX-comp_SN4-L-B73-Map1	7897	201	1	0	1	0	71.00	0.00	71.00	71.00	71.00	71.00	71.00	201.00	0.00	201	201.00	201.00	201.00	201	2.55	0.00	2.55	2.55	2.55	2.55	2.55
RLX-incomp-chim_CS10-B-G165-Map3_reversed	12148	8539	14	0	14	0	90.00	11.33	65.50	80.50	95.90	99.50	100.00	624.21	1199.04	38	91.00	201.50	230.00	3830	5.14	9.87	0.31	0.75	1.66	1.89	31.53
RLX-incomp-chim_CS10-B-G180-Map9_reversed	13215	111529	39	0	36	1	94.83	7.91	71.60	94.90	98.60	99.50	100.00	3119.08	3310.38	44	203.00	1619.50	6395.00	12658	23.60	25.05	0.33	1.54	12.26	48.39	95.79
RLX-incomp-chim_CS10-B-G20-Map20	13424	13270	21	0	21	0	95.81	5.65	82.40	92.60	99.30	99.70	100.00	645.19	1056.77	38	198.00	205.00	310.00	4632	4.81	7.87	0.28	1.47	1.53	2.31	34.51
RLX-incomp-chim_CS10-B-G9-Map20	13135	39461	45	0	41	0	88.43	9.38	64.20	83.90	90.20	95.80	99.70	987.24	2831.43	23	52.00	105.00	300.00	11746	7.52	21.56	0.18	0.40	0.80	2.28	89.43
RLX-incomp-chim_CS10-B-P24.2-Map19	6644	13923	13	2	13	2	99.34	0.95	96.40	99.30	99.50	100.00	100.00	1132.62	2338.28	38	198.00	203.00	207.00	6400	17.05	35.19	0.57	2.98	3.06	3.12	96.33
RLX-incomp-chim_CS10-L-B11-Map4	5513	373	4	0	3	0	74.57	11.21	67.70	67.70	68.50	87.50	87.50	124.33	62.13	72	72.00	108.00	193.00	193	2.26	1.13	1.31	1.31	1.96	3.50	3.50
RLX-incomp-chim_CS10-L-B22-Map1_reversed	22528	118515	104	0	73	0	82.27	6.37	64.40	77.00	82.30	86.70	94.40	1626.12	2602.06	21	113.00	411.00	1256.00	11060	7.22	11.55	0.09	0.50	1.82	5.58	49.09
RLX-incomp-chim_CS10-L-B24-Map1	21126	250725	102	0	55	0	81.99	6.28	68.30	76.44	83.60	86.60	98.60	4646.25	3975.28	54	793.00	4065.00	7343.00	15714	21.99	18.82	0.26	3.75	19.24	34.76	74.38
RLX-incomp-chim_CS10-L-B3-Map10_reversed	9238	1363	4	0	4	0	89.72	11.89	72.50	91.50	93.70	99.00	99.00	340.75	174.93	114	292.00	382.50	484.00	484	3.69	1.89	1.23	3.16	4.14	5.24	5.24
RLX-incomp-chim_CS10-L-B32-Map1_reversed	13677	1785	23	0	23	0	90.07	7.98	67.60	85.10	91.90	96.30	100.00	77.61	117.84	26	29.00	37.00	57.00	549	0.57	0.86	0.19	0.21	0.27	0.42	4.01
RLX-incomp-chim_CS10-L-B38-Map1	10990	37742	35	0	28	0	84.64	9.02	59.50	82.00	88.30	89.60	93.20	1519.75	2150.55	22	61.00	327.50	2788.00	6881	13.83	19.57	0.20	0.56	2.98	25.37	62.61
RLX-incomp-chim_CS10-L-B4-Map7_reversed	11299	4323	12	0	8	0	81.00	6.00	71.01	79.70	81.10	83.90	92.40	562.38	697.92	123	176.00	223.50	1138.00	2083	4.98	6.18	1.09	1.56	1.98	10.07	18.44
RLX-incomp-chim_CS10-L-B6-Map6	9826	1362	7	0	7	0	85.80	8.86	76.60	76.60	90.10	91.50	97.50	210.86	183.10	68	101.00	114.00	468.00	487	2.15	1.86	0.69	1.03	1.16	4.76	4.96
RLX-incomp-chim_CS10-L-B82-Map1	6842	19852	42	0	37	0	96.56	5.11	77.45	95.40	98.80	99.50	100.00	604.92	501.93	28	264.00	389.00	1011.00	1945	8.84	7.34	0.41	3.86	5.69	14.78	28.43
RLX-incomp-chim_CS10_RS_10_reversed	10713	13635	15	0	13	0	71.80	5.72	63.90	67.80	68.50	74.00	82.70	1072.77	1625.52	29	164.00	217.00	1512.00	5205	10.01	15.17	0.27	1.53	2.03	14.11	48.59
RLX-incomp-chim_CS10_RS_5_reversed	14187	43204	21	0	13	1	87.25	8.52	67.89	84.80	86.30	91.50	100.00	3351.85	4516.23	114	114.00	477.00	6336.00	14245	23.63	31.83	0.80	0.80	3.36	44.66	100.41
RLX-incomp-chim_Ptr_1CBFP-B-P67.4-Map3_reversed	5364	10405	3	1	2	1	76.48	1.02	75.76	75.76	76.48	77.20	77.20	5202.50	205.77	5057	5057.00	5202.50	5348.00	5348	96.99	3.84	94.28	94.28	96.99	99.70	99.70
RLX-incomp-chim_Ptr_1CBFP-B-R100-Map20_reversed	5249	9986	2	2	2	2	70.45	0.64	70.00	70.00	70.45	70.90	70.90	4993.00	5.66	4989	4989.00	4993.00	4997.00	4997	95.12	0.11	95.05	95.05	95.12	95.20	95.20
RLX-incomp-chim_Ptr_1CBFP-L-B132-Map1	5266	207	4	0	4	0	85.25	6.40	76.90	84.30	86.05	92.00	92.00	51.75	9.91	41	50.00	50.50	65.00	65	0.98	0.19	0.78	0.95	0.96	1.23	1.23
RLX-incomp-chim_Ptr_1CBFP-L-B46-Map1_reversed	18426	8337	34	0	33	0	90.22	9.57	64.20	86.30	91.90	96.70	100.00	252.64	1159.21	21	29.00	35.00	44.00	6699	1.37	6.29	0.11	0.16	0.19	0.24	36.36
RLX-incomp-chim_Ptr_1CBFP_RS_9_reversed	10362	268	2	0	2	0	68.20	0.00	68.20	68.20	68.20	68.20	68.20	134.00	18.38	121	121.00	134.00	147.00	147	1.29	0.18	1.17	1.17	1.29	1.42	1.42
RLX-incomp-chim_SN15_SOL-L-B24-Map1	14221	327	2	0	2	0	65.95	7.42	60.70	60.70	65.95	71.20	71.20	163.50	197.28	24	24.00	163.50	303.00	303	1.15	1.39	0.17	0.17	1.15	2.13	2.13
RLX-incomp-chim_SN15_SOL-L-B35-Map1	9790	327	1	0	1	0	70.30	0.00	70.30	70.30	70.30	70.30	70.30	327.00	0.00	327	327.00	327.00	327.00	327	3.34	0.00	3.34	3.34	3.34	3.34	3.34
RLX-incomp-chim_SN15_SOL-L-B77-Map1	6337	30	1	0	1	0	93.50	0.00	93.50	93.50	93.50	93.50	93.50	30.00	0.00	30	30.00	30.00	30.00	30	0.47	0.00	0.47	0.47	0.47	0.47	0.47
RLX-incomp-chim_SN2000-L-B4-Map1	23182	324	2	0	2	0	73.25	1.48	72.20	72.20	73.25	74.30	74.30	162.00	29.70	141	141.00	162.00	183.00	183	0.70	0.13	0.61	0.61	0.70	0.79	0.79
RLX-incomp-chim_SN4-B-R9-Map20	17632	847	1	0	1	0	68.80	0.00	68.80	68.80	68.80	68.80	68.80	847.00	0.00	847	847.00	847.00	847.00	847	4.80	0.00	4.80	4.80	4.80	4.80	4.80
RLX-incomp-chim_SN4-L-B10-Map1_reversed	20068	81	1	0	1	0	76.80	0.00	76.80	76.80	76.80	76.80	76.80	81.00	0.00	81	81.00	81.00	81.00	81	0.40	0.00	0.40	0.40	0.40	0.40	0.40
RLX-incomp-chim_SN4-L-B31-Map1	13416	2821	6	0	4	0	69.31	16.45	55.90	63.99	64.01	93.30	93.30	705.25	875.98	26	29.00	465.00	1865.00	1865	5.26	6.53	0.19	0.22	3.47	13.90	13.90
RLX-incomp-chim_SN79_1087-L-B1-Map1	19424	817	5	0	5	0	71.80	4.31	65.30	71.40	71.70	73.40	77.20	163.40	110.62	41	93.00	146.00	211.00	326	0.84	0.57	0.21	0.48	0.75	1.09	1.68
RLX-incomp-chim_SN79_1087-L-B10-Map1	11044	175	1	0	1	0	76.70	0.00	76.70	76.70	76.70	76.70	76.70	175.00	0.00	175	175.00	175.00	175.00	175	1.58	0.00	1.58	1.58	1.58	1.58	1.58
RLX-incomp-chim_SN79_1087-L-B27-Map1_reversed	6401	613	1	0	1	0	58.70	0.00	58.70	58.70	58.70	58.70	58.70	613.00	0.00	613	613.00	613.00	613.00	613	9.58	0.00	9.58	9.58	9.58	9.58	9.58
RLX-incomp-chim_SN79_1087-L-B7-Map1	14882	44	1	0	1	0	88.40	0.00	88.40	88.40	88.40	88.40	88.40	44.00	0.00	44	44.00	44.00	44.00	44	0.30	0.00	0.30	0.30	0.30	0.30	0.30
RLX-incomp_CS10-B-G12-Map20	15462	40641	27	0	21	0	83.96	11.26	68.80	75.03	82.40	93.40	99.80	1936.05	2511.80	23	203.00	506.00	3284.00	7840	12.52	16.25	0.15	1.31	3.27	21.24	50.70
RLX-incomp_CS10-B-G121-Map15_reversed	4006	4850	16	0	16	0	96.50	5.70	77.30	95.60	98.75	99.70	100.00	317.00	115.39	50	222.00	385.50	390.00	394	7.91	2.88	1.25	5.54	9.62	9.74	9.84
RLX-incomp_CS10-B-G144-Map6_reversed	5504	1905	4	0	4	0	72.95	9.84	67.80	67.80	68.15	87.70	87.70	476.25	753.87	29	108.00	136.00	1604.00	1604	8.65	13.70	0.53	1.96	2.47	29.14	29.14
RLX-incomp_CS10-B-G148-Map5_reversed	5488	24026	18	3	18	3	95.17	6.57	74.20	90.90	98.95	99.40	99.50	1334.78	1980.16	50	202.00	388.00	1943.00	5481	24.32	36.08	0.91	3.68	7.07	35.40	99.87
RLX-incomp_CS10-B-G15-Map3	12605	46522	36	0	32	1	96.78	6.94	64.86	97.80	99.35	99.70	100.00	1496.44	2903.49	37	198.00	203.00	633.00	12617	11.87	23.03	0.29	1.57	1.61	5.02	100.10
RLX-incomp_CS10-B-G160-Map4_reversed	12606	40892	26	0	26	0	98.65	1.85	92.90	98.40	99.50	99.70	100.00	1617.62	2628.55	78	200.00	203.00	321.00	6455	12.83	20.85	0.62	1.59	1.61	2.55	51.21
RLX-incomp_CS10-B-G172-Map3	12609	64360	34	1	31	1	92.62	10.90	59.20	88.40	99.00	99.50	100.00	2110.97	3421.38	38	198.00	203.00	2756.00	12796	16.74	27.13	0.30	1.57	1.61	21.86	101.48
RLX-incomp_CS10-B-G178-Map10_reversed	12710	77252	42	0	41	0	94.58	9.83	58.20	95.50	98.70	99.50	100.00	1934.46	2751.68	44	203.00	298.00	6105.00	7161	15.22	21.65	0.35	1.60	2.34	48.03	56.34
RLX-incomp_CS10-B-G18-Map8	12426	86145	45	0	34	0	90.81	9.61	68.09	84.80	92.45	99.20	100.00	2538.44	2928.52	43	291.00	486.00	6175.00	9508	20.43	23.57	0.35	2.34	3.91	49.69	76.52
RLX-incomp_CS10-B-G2-Map20_reversed	10154	764	5	0	5	0	84.38	4.73	78.30	83.40	83.70	85.00	91.50	152.80	92.10	21	114.00	152.00	225.00	252	1.50	0.91	0.21	1.12	1.50	2.22	2.48
RLX-incomp_CS10-B-G203-Map3	507	641	4	1	4	1	96.88	1.95	94.90	95.50	97.00	98.60	98.60	177.25	222.52	62	68.00	68.00	511.00	511	34.96	43.89	12.23	13.41	13.41	100.79	100.79
RLX-incomp_CS10-B-G272-Map4	1037	122	1	0	1	0	75.20	0.00	75.20	75.20	75.20	75.20	75.20	122.00	0.00	122	122.00	122.00	122.00	122	11.76	0.00	11.76	11.76	11.76	11.76	11.76
RLX-incomp_CS10-B-G34-Map9	3502	95	3	0	2	0	72.85	14.78	62.40	62.40	72.85	83.30	83.30	47.50	6.36	43	43.00	47.50	52.00	52	1.36	0.18	1.23	1.23	1.36	1.48	1.48
RLX-incomp_CS10-B-G37-Map6	2156	173	1	0	1	0	95.10	0.00	95.10	95.10	95.10	95.10	95.10	173.00	0.00	173	173.00	173.00	173.00	173	8.02	0.00	8.02	8.02	8.02	8.02	8.02
RLX-incomp_CS10-B-G5-Map20_reversed	14274	190743	68	0	54	0	85.55	10.49	69.70	76.52	83.12	96.31	100.00	3536.22	3297.80	81	407.00	2981.00	6401.00	12242	24.77	23.10	0.57	2.85	20.88	44.84	85.76
RLX-incomp_CS10-B-G7-Map20_reversed	12745	6314	20	0	17	0	96.11	5.70	79.26	95.10	98.70	99.70	100.00	380.65	405.32	60	79.00	298.00	302.00	1644	2.99	3.18	0.47	0.62	2.34	2.37	12.90
RLX-incomp_CS10-B-G8-Map20	12027	12042	17	0	15	0	92.00	7.78	78.90	84.80	92.80	99.70	100.00	803.67	1579.97	24	93.00	302.00	492.00	6262	6.68	13.14	0.20	0.77	2.51	4.09	52.07
RLX-incomp_CS10-B-P15.31-Map3	1821	400	2	0	2	0	72.45	1.06	71.70	71.70	72.45	73.20	73.20	200.00	103.24	127	127.00	200.00	273.00	273	10.98	5.67	6.97	6.97	10.98	14.99	14.99
RLX-incomp_CS10-B-P16.30-Map3	493	1882	6	1	6	1	80.22	7.55	73.90	76.20	77.35	81.80	94.70	313.67	144.58	137	197.00	300.50	455.00	492	63.62	29.33	27.79	39.96	60.95	92.29	99.80
RLX-incomp_CS10-B-P45.9-Map3	6872	304	1	0	1	0	88.40	0.00	88.40	88.40	88.40	88.40	88.40	304.00	0.00	304	304.00	304.00	304.00	304	4.42	0.00	4.42	4.42	4.42	4.42	4.42
RLX-incomp_CS10-B-P52.3-Map3	6216	13516	19	0	18	0	87.02	6.73	66.20	85.50	87.80	91.80	94.20	750.89	1051.72	27	142.00	355.50	1134.00	4474	12.08	16.92	0.43	2.28	5.72	18.24	71.98
RLX-incomp_CS10-B-R106-Map5_reversed	2946	1665	8	0	6	0	85.94	10.00	66.90	86.18	87.30	92.70	95.27	277.50	255.52	46	75.00	213.50	382.00	735	9.42	8.67	1.56	2.55	7.25	12.97	24.95
RLX-incomp_CS10-B-R115-Map3	1643	2987	6	0	5	0	93.77	2.31	89.70	94.30	94.66	94.90	95.30	896.00	488.53	244	707.00	786.00	1250.00	1493	54.53	29.73	14.85	43.03	47.84	76.08	90.87
RLX-incomp_CS10-B-R147-Map3	1053	1893	11	0	11	0	89.05	3.33	85.20	85.80	88.20	92.90	93.50	172.09	146.92	35	119.00	127.00	128.00	486	16.34	13.95	3.32	11.30	12.06	12.16	46.15
RLX-incomp_CS10-B-R18-Map4	1734	683	3	0	3	0	87.70	7.25	80.00	80.00	88.70	94.40	94.40	227.67	218.12	36	36.00	182.00	465.00	465	13.13	12.58	2.08	2.08	10.50	26.82	26.82
RLX-incomp_CS10-B-R227-Map4	938	1221	5	0	5	0	98.62	1.98	95.10	99.30	99.30	99.70	99.70	244.20	95.71	79	242.00	298.00	300.00	302	26.03	10.20	8.42	25.80	31.77	31.98	32.20
RLX-incomp_CS10-B-R272-Map3_reversed	1354	66	1	0	1	0	93.60	0.00	93.60	93.60	93.60	93.60	93.60	66.00	0.00	66	66.00	66.00	66.00	66	4.87	0.00	4.87	4.87	4.87	4.87	4.87
RLX-incomp_CS10-B-R28-Map20	7388	1609	4	0	4	0	86.25	10.57	70.40	91.50	91.50	91.60	91.60	430.75	428.54	114	114.00	294.00	1021.00	1021	5.83	5.80	1.54	1.54	3.98	13.82	13.82
RLX-incomp_CS10-B-R30-Map6	4036	1502	8	0	8	0	90.69	3.81	83.50	88.90	91.10	94.50	94.70	195.12	146.19	35	59.00	191.00	399.00	403	4.83	3.62	0.87	1.46	4.73	9.89	9.99
RLX-incomp_CS10-B-R32-Map20_reversed	6847	3275	5	0	4	0	87.21	1.76	85.90	85.90	86.65	89.62	89.62	818.75	754.77	214	388.00	583.50	1894.00	1894	11.96	11.02	3.13	5.67	8.52	27.66	27.66
RLX-incomp_CS10-B-R45-Map5	1162	80	2	0	2	0	91.05	5.16	87.40	87.40	91.05	94.70	94.70	40.00	24.04	23	23.00	40.00	57.00	57	3.44	2.07	1.98	1.98	3.44	4.91	4.91
RLX-incomp_CS10-B-R47-Map4	503	679	4	1	4	1	85.22	10.19	76.00	77.20	84.25	96.40	96.40	169.75	227.39	21	21.00	78.50	501.00	501	33.75	45.21	4.17	4.17	15.61	99.60	99.60
RLX-incomp_CS10-L-B110-Map1	5730	22316	24	0	21	0	88.05	6.01	79.70	84.30	86.30	90.10	99.50	1064.14	1682.05	22	139.00	271.00	1104.00	5376	18.57	29.36	0.38	2.43	4.73	19.27	93.82
RLX-incomp_CS10-L-B114-Map1_reversed	5169	7855	5	1	5	1	82.58	10.60	73.50	74.70	80.90	83.90	99.90	1571.00	2218.67	54	66.00	90.00	2641.00	5004	30.39	42.92	1.04	1.28	1.74	51.09	96.81
RLX-incomp_CS10-L-B125-Map1_reversed	2792	1045	5	0	5	0	88.88	6.21	84.90	85.50	86.30	87.90	99.80	213.40	257.61	22	22.00	32.00	488.00	503	7.64	9.23	0.79	0.79	1.15	17.48	18.02
RLX-incomp_CS10-L-B14-Map2	7267	9563	11	1	10	1	86.33	9.36	72.90	75.00	88.70	89.76	99.80	965.60	2222.72	21	93.00	334.50	495.00	7266	13.29	30.59	0.29	1.28	4.60	6.81	99.99
RLX-incomp_CS10-L-B45-Map1_reversed	8971	16547	19	0	13	0	89.29	10.66	67.10	85.18	90.60	97.90	99.20	1274.08	1940.99	28	193.00	332.00	1606.00	7243	14.20	21.64	0.31	2.15	3.70	17.90	80.74
RLX-incomp_CS10-L-B46-Map1	8804	77423	38	0	32	2	85.03	5.05	75.90	82.47	86.60	89.14	95.50	2551.50	2592.25	22	265.00	1979.50	3994.00	8820	28.98	29.44	0.25	3.01	22.48	45.37	100.18
RLX-incomp_CS10-L-B48-Map1	8397	1347	7	0	5	0	84.20	9.34	77.07	77.52	79.20	88.50	98.70	269.40	146.04	78	174.00	275.00	408.00	412	3.21	1.74	0.93	2.07	3.27	4.86	4.91
RLX-incomp_CS10-L-B53-Map1	7473	529	3	0	3	0	77.97	4.57	74.80	74.80	75.90	83.20	83.20	176.33	96.86	115	115.00	126.00	288.00	288	2.36	1.30	1.54	1.54	1.69	3.85	3.85
RLX-incomp_CS10-L-B54-Map1_reversed	7463	8314	10	1	9	1	81.14	7.96	69.40	74.30	78.70	88.60	90.30	926.67	2457.96	26	37.00	151.00	182.00	7478	12.42	32.94	0.35	0.50	2.02	2.44	100.20
RLX-incomp_CS10-L-B57-Map1	7432	507	5	0	4	0	89.93	15.54	67.00	93.61	96.56	99.60	99.60	183.25	96.46	39	226.00	226.00	242.00	242	2.47	1.30	0.52	3.04	3.04	3.26	3.26
RLX-incomp_CS10-L-B61-Map1	7344	9109	10	1	10	1	86.04	8.05	72.20	79.50	87.80	90.50	99.70	910.90	2272.88	34	108.00	140.50	213.00	7352	12.40	30.95	0.46	1.47	1.91	2.90	100.11
RLX-incomp_CS10-L-B69-Map1	7327	3404	8	0	7	0	89.21	7.69	79.10	82.20	91.10	97.30	99.30	486.29	282.13	114	180.00	499.00	753.00	785	6.64	3.85	1.56	2.46	6.81	10.28	10.71
RLX-incomp_CS10-L-B76-Map1_reversed	7133	1057	6	0	6	0	89.23	6.34	81.70	84.10	88.20	96.60	96.60	176.17	133.69	71	81.00	133.00	215.00	424	2.47	1.87	1.00	1.14	1.86	3.01	5.94
RLX-incomp_CS10-L-B77-Map1_reversed	7095	1619	6	0	5	0	80.04	7.06	73.10	74.90	77.30	85.50	89.40	323.80	468.25	21	24.00	131.00	308.00	1135	4.56	6.60	0.30	0.34	1.85	4.34	16.00
RLX-incomp_CS10_RS_31_reversed	3618	3887	5	0	5	0	91.12	3.72	85.00	91.20	91.30	93.50	94.60	948.00	88.82	853	853.00	980.00	1026.00	1028	26.20	2.46	23.58	23.58	27.09	28.36	28.41
RLX-incomp_CS10_RS_34_reversed	2853	16746	32	1	28	1	89.07	3.74	78.30	86.90	90.35	91.21	94.20	599.11	733.57	29	79.00	307.50	948.00	2853	21.00	25.71	1.02	2.77	10.78	33.23	100.00
RLX-incomp_CS10_RS_37	2473	304	1	0	1	0	88.40	0.00	88.40	88.40	88.40	88.40	88.40	304.00	0.00	304	304.00	304.00	304.00	304	12.29	0.00	12.29	12.29	12.29	12.29	12.29
RLX-incomp_CS10_RS_88_reversed	422	1766	7	2	7	2	91.33	10.60	67.50	93.40	94.80	96.50	97.50	252.29	167.76	76	79.00	288.00	420.00	434	59.78	39.75	18.01	18.72	68.25	99.53	102.84
RLX-incomp_Ptr_1CBFP-B-P45.12-Map7	6039	96	1	0	1	0	77.40	0.00	77.40	77.40	77.40	77.40	77.40	96.00	0.00	96	96.00	96.00	96.00	96	1.59	0.00	1.59	1.59	1.59	1.59	1.59
RLX-incomp_Ptr_1CBFP-B-P58.12-Map8_reversed	6106	70	1	0	1	0	77.50	0.00	77.50	77.50	77.50	77.50	77.50	70.00	0.00	70	70.00	70.00	70.00	70	1.15	0.00	1.15	1.15	1.15	1.15	1.15
RLX-incomp_Ptr_1CBFP-B-R192-Map13	6315	675	4	0	4	0	80.60	8.15	71.00	78.50	80.40	90.60	90.60	168.75	161.33	32	50.00	133.50	376.00	376	2.67	2.55	0.51	0.79	2.11	5.95	5.95
RLX-incomp_Ptr_1CBFP-B-R214-Map10	5381	40	1	0	1	0	89.50	0.00	89.50	89.50	89.50	89.50	89.50	40.00	0.00	40	40.00	40.00	40.00	40	0.74	0.00	0.74	0.74	0.74	0.74	0.74
RLX-incomp_Ptr_1CBFP-B-R92-Map13	1730	127	1	0	1	0	92.20	0.00	92.20	92.20	92.20	92.20	92.20	127.00	0.00	127	127.00	127.00	127.00	127	7.34	0.00	7.34	7.34	7.34	7.34	7.34
RLX-incomp_Ptr_1CBFP-L-B113-Map1_reversed	5527	4265	3	0	1	0	62.65	0.00	62.65	62.65	62.65	62.65	62.65	4265.00	0.00	4265	4265.00	4265.00	4265.00	4265	77.17	0.00	77.17	77.17	77.17	77.17	77.17
RLX-incomp_Ptr_1CBFP-L-B123-Map1	5403	76	1	0	1	0	80.50	0.00	80.50	80.50	80.50	80.50	80.50	76.00	0.00	76	76.00	76.00	76.00	76	1.41	0.00	1.41	1.41	1.41	1.41	1.41
RLX-incomp_Ptr_1CBFP-L-B157-Map1	2016	677	3	0	3	0	80.63	11.51	70.40	70.40	78.40	93.10	93.10	225.67	271.16	29	29.00	113.00	535.00	535	11.19	13.45	1.44	1.44	5.61	26.54	26.54
RLX-incomp_Ptr_1CBFP-L-B162-Map1	1672	966	1	0	1	0	65.30	0.00	65.30	65.30	65.30	65.30	65.30	966.00	0.00	966	966.00	966.00	966.00	966	57.78	0.00	57.78	57.78	57.78	57.78	57.78
RLX-incomp_Ptr_1CBFP-L-B89-Map1	6574	935	6	0	6	0	76.35	11.63	61.10	66.70	77.05	82.10	94.10	155.83	142.61	34	68.00	89.00	254.00	401	2.37	2.17	0.52	1.03	1.35	3.86	6.10
RLX-incomp_Ptr_1CBFP_RS_23	5342	8633	6	0	3	0	75.46	3.29	72.69	72.69	74.60	79.10	79.10	2877.67	681.86	2480	2480.00	2488.00	3665.00	3665	53.87	12.76	46.42	46.42	46.57	68.61	68.61
RLX-incomp_SN15_SOL-B-R50-Map20	7434	84	1	0	1	0	78.50	0.00	78.50	78.50	78.50	78.50	78.50	84.00	0.00	84	84.00	84.00	84.00	84	1.13	0.00	1.13	1.13	1.13	1.13	1.13
RLX-incomp_SN15_SOL-L-B14-Map1_reversed	17638	62	2	0	1	0	62.40	0.00	62.40	62.40	62.40	62.40	62.40	62.00	0.00	62	62.00	62.00	62.00	62	0.35	0.00	0.35	0.35	0.35	0.35	0.35
RLX-incomp_SN15_SOL-L-B39-Map1	9020	134	1	0	1	0	75.40	0.00	75.40	75.40	75.40	75.40	75.40	134.00	0.00	134	134.00	134.00	134.00	134	1.49	0.00	1.49	1.49	1.49	1.49	1.49
RLX-incomp_SN15_SOL_RS_10	7376	1890	1	0	1	0	56.60	0.00	56.60	56.60	56.60	56.60	56.60	1890.00	0.00	1890	1890.00	1890.00	1890.00	1890	25.62	0.00	25.62	25.62	25.62	25.62	25.62
RLX-incomp_SN4-B-G48-Map7	2534	43	1	0	1	0	69.70	0.00	69.70	69.70	69.70	69.70	69.70	43.00	0.00	43	43.00	43.00	43.00	43	1.70	0.00	1.70	1.70	1.70	1.70	1.70
RLX-incomp_SN4-L-B21-Map1	15637	24	1	0	1	0	62.80	0.00	62.80	62.80	62.80	62.80	62.80	24.00	0.00	24	24.00	24.00	24.00	24	0.15	0.00	0.15	0.15	0.15	0.15	0.15
RLX-incomp_SN4-L-B48-Map1	8989	1829	4	0	1	0	66.17	0.00	66.17	66.17	66.17	66.17	66.17	1829.00	0.00	1829	1829.00	1829.00	1829.00	1829	20.35	0.00	20.35	20.35	20.35	20.35	20.35
RLX-incomp_SN4-L-B83-Map1	6449	331	4	0	4	0	79.80	2.87	77.50	78.70	78.85	84.00	84.00	82.75	31.91	53	74.00	75.00	128.00	128	1.28	0.49	0.82	1.15	1.16	1.98	1.98
RPX-incomp-chim_CS10-B-G167-Map11_reversed	8021	128478	43	0	35	0	90.50	11.02	59.80	88.45	95.80	97.20	98.10	3671.71	3032.79	34	246.00	4510.00	6680.00	7090	45.78	37.81	0.42	3.07	56.23	83.28	88.39
RPX-incomp-chim_Ptr_1CBFP-L-B48-Map1	15029	7194	18	0	17	0	86.66	11.65	63.30	79.70	93.10	93.80	96.70	423.18	1056.08	26	30.00	32.00	167.00	4320	2.82	7.03	0.17	0.20	0.21	1.11	28.74
RXX-chim_SN15_SOL-L-B63-Map1_reversed	7690	162	1	0	1	0	73.80	0.00	73.80	73.80	73.80	73.80	73.80	162.00	0.00	162	162.00	162.00	162.00	162	2.11	0.00	2.11	2.11	2.11	2.11	2.11
RXX-chim_SN4-L-B86-Map1	6094	3334	3	0	3	0	64.17	3.37	60.30	60.30	65.70	66.50	66.50	1111.33	824.29	198	198.00	1336.00	1800.00	1800	18.24	13.53	3.25	3.25	21.92	29.54	29.54
RXX-LARD-chim_Ptr_1CBFP-L-B54-Map1	13205	6724	2	0	1	0	77.54	0.00	77.54	77.54	77.54	77.54	77.54	6724.00	0.00	6724	6724.00	6724.00	6724.00	6724	50.92	0.00	50.92	50.92	50.92	50.92	50.92
RXX-LARD-chim_Ptr_1CBFP-L-B59-Map1	10367	4374	5	0	5	0	79.24	11.61	68.00	70.30	74.70	89.70	93.50	874.80	1095.25	31	41.00	511.00	1129.00	2662	8.44	10.56	0.30	0.40	4.93	10.89	25.68
RXX-LARD-chim_Ptr_1CBFP-L-B64-Map1	8981	5088	6	0	6	0	70.37	5.61	60.50	67.20	72.30	74.80	75.10	848.00	976.24	172	176.00	302.00	1694.00	2442	9.44	10.87	1.92	1.96	3.36	18.86	27.19
RXX-LARD-chim_Ptr_1CBFP-L-B72-Map1	8277	7840	9	0	7	0	69.82	2.92	66.50	67.30	70.20	71.00	75.20	1120.00	1086.18	277	502.00	610.00	1926.00	3258	13.53	13.12	3.35	6.06	7.37	23.27	39.36
RXX-LARD-chim_SN15_SOL-L-B25-Map1	14119	233	1	0	1	0	71.00	0.00	71.00	71.00	71.00	71.00	71.00	233.00	0.00	233	233.00	233.00	233.00	233	1.65	0.00	1.65	1.65	1.65	1.65	1.65
RXX-LARD-chim_SN15_SOL-L-B62-Map1	7807	24	1	0	1	0	61.30	0.00	61.30	61.30	61.30	61.30	61.30	24.00	0.00	24	24.00	24.00	24.00	24	0.31	0.00	0.31	0.31	0.31	0.31	0.31
RXX-LARD_CS10-B-G185-Map5	19026	4829	2	0	2	0	99.45	0.07	99.40	99.40	99.45	99.50	99.50	2414.50	1095.31	1640	1640.00	2414.50	3189.00	3189	12.69	5.76	8.62	8.62	12.69	16.76	16.76
RXX-LARD_CS10-L-B111-Map1	5547	33384	7	5	7	5	91.11	12.57	64.10	87.90	95.40	99.00	99.60	4769.14	1911.47	445	5192.00	5542.00	5549.00	5580	85.98	34.46	8.02	93.60	99.91	100.04	100.59
RXX-LARD_CS10-L-B118-Map1	4203	7500	11	0	11	0	79.07	13.90	58.70	67.20	77.80	96.20	99.50	681.82	734.55	33	55.00	465.00	1238.00	1979	16.22	17.48	0.79	1.31	11.06	29.46	47.09
RXX-LARD_CS10-L-B126-Map1	2501	3748	6	0	5	0	96.57	3.06	93.05	93.40	98.60	98.80	99.00	749.60	773.27	39	193.00	353.00	1448.00	1715	29.97	30.92	1.56	7.72	14.11	57.90	68.57
RXX-LARD_CS10-L-B127-Map1	2451	18309	80	0	70	0	85.60	8.32	62.60	81.20	85.10	91.20	100.00	263.67	288.01	21	152.00	207.00	303.00	2151	10.76	11.75	0.86	6.20	8.45	12.36	87.76
RXX-LARD_CS10-L-B128-Map1	2441	1337	7	0	6	0	87.30	10.72	69.30	82.10	88.45	97.00	98.50	222.83	175.92	23	66.00	219.00	323.00	487	9.13	7.21	0.94	2.70	8.97	13.23	19.95
RXX-LARD_CS10-L-B49-Map1	8193	45647	14	4	13	4	73.86	11.20	60.70	67.70	69.80	76.70	99.80	3513.85	3704.64	27	33.00	1454.00	8023.00	8196	42.89	45.22	0.33	0.40	17.75	97.93	100.04
RXX-LARD_CS10-L-B9-Map4	23986	94627	7	2	6	3	98.35	1.22	96.62	97.20	98.75	99.30	99.50	15771.17	10231.33	240	7200.00	19391.50	24194.00	24210	65.75	42.66	1.00	30.02	80.85	100.87	100.93
RXX-LARD_CS10_RS_1	20014	135	2	0	2	0	92.35	2.47	90.60	90.60	92.35	94.10	94.10	67.50	50.20	32	32.00	67.50	103.00	103	0.34	0.25	0.16	0.16	0.34	0.51	0.51
RXX-LARD_Ptr_1CBFP-B-P73.54-Map3	1482	412	5	0	5	0	82.06	4.02	77.00	80.30	82.10	82.90	88.00	82.40	33.47	47	64.00	70.00	99.00	132	5.56	2.26	3.17	4.32	4.72	6.68	8.91
RXX-LARD_Ptr_1CBFP-L-B126-Map1	5349	268	4	0	4	0	88.38	10.05	74.20	88.90	91.00	97.30	97.30	67.00	42.67	36	37.00	52.50	127.00	127	1.25	0.80	0.67	0.69	0.98	2.37	2.37
RXX-LARD_Ptr_1CBFP-L-B155-Map1	3024	123	1	0	1	0	75.40	0.00	75.40	75.40	75.40	75.40	75.40	123.00	0.00	123	123.00	123.00	123.00	123	4.07	0.00	4.07	4.07	4.07	4.07	4.07
RXX-LARD_Ptr_1CBFP-L-B163-Map1	1584	1563	9	0	9	0	73.38	3.63	68.40	70.80	72.40	75.00	79.70	173.67	112.41	103	134.00	142.00	147.00	471	10.96	7.10	6.50	8.46	8.96	9.28	29.73
RXX-LARD_SN15_SOL-L-B1-Map3	9439	1235	2	0	2	0	77.95	13.51	68.40	68.40	77.95	87.50	87.50	617.50	818.12	39	39.00	617.50	1196.00	1196	6.54	8.67	0.41	0.41	6.54	12.67	12.67
RXX-LARD_SN15_SOL-L-B10-Map1	20406	276	2	0	2	0	72.40	2.97	70.30	70.30	72.40	74.50	74.50	138.00	72.12	87	87.00	138.00	189.00	189	0.68	0.35	0.43	0.43	0.68	0.93	0.93
RXX-LARD_SN15_SOL-L-B60-Map1	8263	397	1	0	1	0	71.10	0.00	71.10	71.10	71.10	71.10	71.10	397.00	0.00	397	397.00	397.00	397.00	397	4.80	0.00	4.80	4.80	4.80	4.80	4.80
RXX-LARD_SN15_SOL-L-B64-Map1	7654	86	1	0	1	0	76.10	0.00	76.10	76.10	76.10	76.10	76.10	86.00	0.00	86	86.00	86.00	86.00	86	1.12	0.00	1.12	1.12	1.12	1.12	1.12
RXX-LARD_SN15_SOL-L-B85-Map1	3381	4674	40	0	40	0	74.04	2.94	66.90	72.10	74.00	76.30	79.00	119.42	40.41	21	123.00	134.00	141.00	169	3.53	1.20	0.62	3.64	3.96	4.17	5.00
RXX-LARD_SN15_SOL_RS_1	20014	59	1	0	1	0	89.80	0.00	89.80	89.80	89.80	89.80	89.80	59.00	0.00	59	59.00	59.00	59.00	59	0.29	0.00	0.29	0.29	0.29	0.29	0.29
RXX-LARD_SN2000-L-B13-Map1	14891	189	3	0	3	0	75.40	8.96	69.40	69.40	71.10	85.70	85.70	63.00	54.81	21	21.00	43.00	125.00	125	0.42	0.37	0.14	0.14	0.29	0.84	0.84
RXX-LARD_SN2000-L-B55-Map1	6213	110	1	0	1	0	77.40	0.00	77.40	77.40	77.40	77.40	77.40	110.00	0.00	110	110.00	110.00	110.00	110	1.77	0.00	1.77	1.77	1.77	1.77	1.77
RXX-LARD_SN2000-L-B59-Map1	4203	501	1	0	1	0	69.60	0.00	69.60	69.60	69.60	69.60	69.60	501.00	0.00	501	501.00	501.00	501.00	501	11.92	0.00	11.92	11.92	11.92	11.92	11.92
RXX-LARD_SN2000-L-B63-Map1	3273	128	1	0	1	0	73.40	0.00	73.40	73.40	73.40	73.40	73.40	128.00	0.00	128	128.00	128.00	128.00	128	3.91	0.00	3.91	3.91	3.91	3.91	3.91
RXX-LARD_SN4-B-G160-Map3	19899	59	2	0	2	0	89.80	0.00	89.80	89.80	89.80	89.80	89.80	59.00	0.00	59	59.00	59.00	59.00	59	0.30	0.00	0.30	0.30	0.30	0.30	0.30
RXX-LARD_SN4-L-B22-Map1	14998	647	3	0	3	0	82.63	19.28	60.60	60.60	90.90	96.40	96.40	215.67	321.59	28	28.00	32.00	587.00	587	1.44	2.14	0.19	0.19	0.21	3.91	3.91
RXX-LARD_SN4-L-B23-Map1	14985	587	1	0	1	0	60.60	0.00	60.60	60.60	60.60	60.60	60.60	587.00	0.00	587	587.00	587.00	587.00	587	3.92	0.00	3.92	3.92	3.92	3.92	3.92
RXX-LARD_SN4-L-B29-Map1	14474	587	1	0	1	0	60.60	0.00	60.60	60.60	60.60	60.60	60.60	587.00	0.00	587	587.00	587.00	587.00	587	4.06	0.00	4.06	4.06	4.06	4.06	4.06
RXX-LARD_SN4-L-B6-Map1	21339	97	1	0	1	0	76.00	0.00	76.00	76.00	76.00	76.00	76.00	97.00	0.00	97	97.00	97.00	97.00	97	0.45	0.00	0.45	0.45	0.45	0.45	0.45
RXX-LARD_SN79_1087-B-R45-Map8	9403	40	1	0	1	0	85.40	0.00	85.40	85.40	85.40	85.40	85.40	40.00	0.00	40	40.00	40.00	40.00	40	0.43	0.00	0.43	0.43	0.43	0.43	0.43
RXX-LARD_SN79_1087-L-B32-Map1	2536	125	2	0	2	0	67.60	12.02	59.10	59.10	67.60	76.10	76.10	62.50	34.65	38	38.00	62.50	87.00	87	2.46	1.37	1.50	1.50	2.46	3.43	3.43
RXX-TRIM_CS10-L-B129-Map1	1792	59	1	0	1	0	68.60	0.00	68.60	68.60	68.60	68.60	68.60	59.00	0.00	59	59.00	59.00	59.00	59	3.29	0.00	3.29	3.29	3.29	3.29	3.29
RXX-TRIM_CS10-L-B130-Map1	1675	4981	14	0	14	0	71.97	13.42	56.50	61.00	71.50	75.20	99.90	378.79	387.70	37	102.00	174.00	673.00	1318	22.61	23.15	2.21	6.09	10.39	40.18	78.69
RXX-TRIM_Ptr_1CBFP-L-B167-Map1	1512	7284	11	0	11	0	72.38	11.52	57.80	59.10	69.20	83.90	89.60	696.73	390.12	100	380.00	831.00	975.00	1372	46.08	25.80	6.61	25.13	54.96	64.48	90.74
RXX_CS10_RS_27	4955	11357	7	1	7	1	90.66	3.01	85.60	87.20	92.00	92.40	93.60	1622.43	1815.83	190	223.00	679.00	2885.00	4956	32.74	36.65	3.83	4.50	13.70	58.22	100.02
RXX_SN4-B-G4-Map20	10607	3004	3	0	2	0	71.30	9.06	64.89	64.89	71.30	77.70	77.70	1502.00	1954.44	120	120.00	1502.00	2884.00	2884	14.16	18.43	1.13	1.13	14.16	27.19	27.19
RYX-incomp-chim_CS10-B-G1-Map20	5925	1189	7	0	7	0	88.13	7.39	75.60	86.30	87.70	93.00	100.00	169.86	265.93	21	22.00	47.00	168.00	756	2.87	4.49	0.35	0.37	0.79	2.84	12.76
RYX-incomp-chim_CS10-B-G10-Map17_reversed	12788	41762	29	0	26	0	89.88	7.83	71.80	86.11	90.60	96.50	100.00	1612.54	2079.15	41	81.00	520.00	2537.00	6220	12.61	16.26	0.32	0.63	4.07	19.84	48.64
RYX-incomp-chim_CS10-B-G13-Map12_reversed	13072	53547	54	0	40	0	92.43	8.23	71.57	89.10	95.85	98.40	100.00	1345.12	2538.68	21	149.00	299.00	717.00	11802	10.29	19.42	0.16	1.14	2.29	5.49	90.28
RYX-incomp-chim_CS10-B-G137-Map5_reversed	7267	15415	22	0	19	0	89.40	12.34	63.40	79.41	93.90	99.00	100.00	819.58	1245.61	25	79.00	299.00	1026.00	4257	11.28	17.14	0.34	1.09	4.11	14.12	58.58
RYX-incomp-chim_CS10-B-G157-Map20	6249	3073	2	0	2	0	92.35	8.84	86.10	86.10	92.35	98.60	98.60	1536.50	1949.49	158	158.00	1536.50	2915.00	2915	24.59	31.20	2.53	2.53	24.59	46.65	46.65
RYX-incomp-chim_CS10-B-G16-Map20	6656	3541	22	0	22	0	93.94	6.76	78.10	90.50	95.80	99.30	99.70	220.00	119.30	24	79.00	270.00	302.00	358	3.31	1.79	0.36	1.19	4.06	4.54	5.38
RYX-incomp-chim_CS10-B-G164-Map6_reversed	12657	41387	29	0	27	0	93.16	12.14	61.00	93.40	98.70	99.70	100.00	1572.93	2399.98	75	202.00	207.00	2131.00	6720	12.43	18.96	0.59	1.60	1.64	16.84	53.09
RYX-incomp-chim_CS10-B-G168-Map4_reversed	8084	8707	8	0	7	0	93.89	8.62	76.80	88.00	99.30	99.30	99.30	1261.71	2700.84	125	125.00	258.00	502.00	7379	15.61	33.41	1.55	1.55	3.19	6.21	91.28
RYX-incomp-chim_CS10-B-G17-Map20_reversed	11973	2646	14	0	12	0	96.39	6.46	79.06	98.70	99.30	99.70	99.70	302.08	339.84	25	79.00	298.00	302.00	1322	2.52	2.84	0.21	0.66	2.49	2.52	11.04
RYX-incomp-chim_CS10-B-G176-Map3_reversed	11731	37767	37	0	33	0	89.73	8.10	67.20	86.50	90.60	96.50	100.00	1149.82	2261.05	30	57.00	139.00	570.00	9328	9.80	19.27	0.26	0.49	1.18	4.86	79.52
RYX-incomp-chim_CS10-B-G177-Map4_reversed	11011	8832	17	0	17	0	98.68	2.18	91.40	99.00	99.50	100.00	100.00	578.59	1623.76	38	198.00	203.00	203.00	6872	5.25	14.75	0.35	1.80	1.84	1.84	62.41
RYX-incomp-chim_CS10-B-G19-Map20	14598	3980	15	0	13	0	87.02	10.53	67.00	80.90	85.90	98.70	100.00	306.15	625.41	25	62.00	81.00	292.00	2358	2.10	4.28	0.17	0.42	0.55	2.00	16.15
RYX-incomp-chim_CS10-L-B1-Map20_reversed	20820	358495	123	0	107	0	87.69	12.06	57.30	80.30	90.88	98.70	100.00	3354.30	3111.46	31	299.00	2940.00	6212.00	13255	16.11	14.94	0.15	1.44	14.12	29.84	63.66
RYX-incomp-chim_CS10-L-B2-Map20	7544	223	1	0	1	0	95.20	0.00	95.20	95.20	95.20	95.20	95.20	223.00	0.00	223	223.00	223.00	223.00	223	2.96	0.00	2.96	2.96	2.96	2.96	2.96
RYX-incomp-chim_CS10-L-B52-Map1	7496	852	4	0	4	0	79.75	9.68	65.60	81.60	83.30	86.80	86.80	213.00	211.39	45	63.00	153.50	500.00	500	2.84	2.82	0.60	0.84	2.05	6.67	6.67
RYX-incomp-chim_Ptr_1CBFP-B-G232-Map5_reversed	6760	487	3	0	3	0	77.53	9.49	70.90	70.90	73.30	88.40	88.40	162.33	119.52	44	44.00	160.00	283.00	283	2.40	1.77	0.65	0.65	2.37	4.19	4.19
RYX-incomp-chim_Ptr_1CBFP-L-B100-Map1	5954	27	1	0	1	0	62.40	0.00	62.40	62.40	62.40	62.40	62.40	27.00	0.00	27	27.00	27.00	27.00	27	0.45	0.00	0.45	0.45	0.45	0.45	0.45
RYX-incomp-chim_SN2000-B-G3-Map20	16895	262	1	0	1	0	71.20	0.00	71.20	71.20	71.20	71.20	71.20	262.00	0.00	262	262.00	262.00	262.00	262	1.55	0.00	1.55	1.55	1.55	1.55	1.55
RYX-incomp-chim_SN2000-L-B1-Map20_reversed	25423	100	1	0	1	0	76.30	0.00	76.30	76.30	76.30	76.30	76.30	100.00	0.00	100	100.00	100.00	100.00	100	0.39	0.00	0.39	0.39	0.39	0.39	0.39
RYX-incomp-chim_SN4-L-B1-Map5_reversed	13613	76	1	0	1	0	79.00	0.00	79.00	79.00	79.00	79.00	79.00	76.00	0.00	76	76.00	76.00	76.00	76	0.56	0.00	0.56	0.56	0.56	0.56	0.56
RYX-incomp-chim_SN4-L-B25-Map1	14796	24	1	0	1	0	60.70	0.00	60.70	60.70	60.70	60.70	60.70	24.00	0.00	24	24.00	24.00	24.00	24	0.16	0.00	0.16	0.16	0.16	0.16	0.16
RYX-incomp-chim_SN4-L-B44-Map1	10378	298	2	0	2	0	75.15	0.92	74.50	74.50	75.15	75.80	75.80	149.00	0.00	149	149.00	149.00	149.00	149	1.44	0.00	1.44	1.44	1.44	1.44	1.44
XXX-chim_CS10-L-B25-Map1_reversed	20930	165532	193	0	140	0	86.72	9.76	57.90	81.60	85.73	95.90	100.00	1211.49	2244.64	21	145.00	407.50	1324.00	13953	5.79	10.72	0.10	0.69	1.95	6.33	66.67
XXX-chim_CS10-L-B31-Map1_reversed	13679	22999	18	0	17	0	85.96	10.05	67.10	82.10	87.43	90.60	99.90	1352.88	2216.43	21	35.00	239.00	1001.00	6696	9.89	16.20	0.15	0.26	1.75	7.32	48.95
XXX-chim_SN79_1087-L-B8-Map1_reversed	12902	72	1	0	1	0	83.80	0.00	83.80	83.80	83.80	83.80	83.80	72.00	0.00	72	72.00	72.00	72.00	72	0.56	0.00	0.56	0.56	0.56	0.56	0.56
