TE	length	covg	frags	fullLgthFrags	copies	fullLgthCopies	meanId	sdId	minId	q25Id	medId	q75Id	maxId	meanLgth	sdLgth	minLgth	q25Lgth	medLgth	q75Lgth	maxLgth	meanLgthPerc	sdLgthPerc	minLgthPerc	q25LgthPerc	medLgthPerc	q75LgthPerc	maxLgthPerc
Copia-1_VA-I_1p:ClassI:LTR:Copia	608	11590	21	2	12	0	43.98	5.41	35.56	40.65	43.31	49.80	54.03	967.17	608.31	39	738.00	1051.50	1527.00	1680	159.07	100.05	6.41	121.38	172.94	251.15	276.32
Copia-1_VA-I_2p:ClassI:LTR:Copia	896	5389	12	1	5	1	34.30	3.70	29.76	31.55	34.84	36.38	38.98	1089.60	290.71	663	909.00	1275.00	1293.00	1308	121.61	32.45	74.00	101.45	142.30	144.31	145.98
Copia-69_BG-I_1p:ClassI:LTR:Copia	1517	1620	2	1	2	1	47.34	2.03	45.91	45.91	47.34	48.78	48.78	810.00	971.56	123	123.00	810.00	1497.00	1497	53.39	64.05	8.11	8.11	53.39	98.68	98.68
Copia-6_BG-I_1p:ClassI:LTR:Copia	1507	5524	4	1	2	1	30.34	2.09	28.87	28.87	30.34	31.82	31.82	2762.00	1742.31	1530	1530.00	2762.00	3994.00	3994	183.28	115.61	101.53	101.53	183.28	265.03	265.03
EnSpm-2_PGr_1p:ClassII:TIR:CACTA	500	3900	9	2	9	2	33.47	6.36	26.51	30.11	31.30	32.86	46.79	433.33	92.27	327	381.00	408.00	498.00	624	86.67	18.45	65.40	76.20	81.60	99.60	124.80
EnSpm-7_CCri_5p:ClassII:TIR:CACTA	348	1187	4	1	2	0	44.45	16.91	32.50	32.50	44.45	56.41	56.41	595.50	53.03	558	558.00	595.50	633.00	633	171.12	15.24	160.34	160.34	171.12	181.90	181.90
Gypsy-1_CH_1p:ClassI:LTR:Gypsy	645	16934	51	1	16	1	54.19	7.70	36.97	50.59	54.52	59.02	67.86	1060.62	582.61	270	501.00	1108.50	1575.00	1923	164.44	90.33	41.86	77.67	171.86	244.19	298.14
Gypsy-2_CH_1p:ClassI:LTR:Gypsy	710	191406	345	10	166	4	58.36	13.24	34.48	49.19	55.38	65.85	98.52	1169.23	746.51	36	436.00	1199.00	1968.00	3143	164.68	105.14	5.07	61.41	168.87	277.18	442.68
Gypsy-2_CH_2p:ClassI:LTR:Gypsy	1497	192721	463	2	320	0	63.50	13.53	28.89	54.17	62.06	70.97	100.00	605.17	647.73	24	217.00	384.50	753.00	4203	40.43	43.27	1.60	14.50	25.68	50.30	280.76
Gypsy-2_GDe-I_1p:ClassI:LTR:Gypsy	1287	399323	620	17	292	9	49.33	6.79	33.09	44.74	50.00	53.44	71.66	1379.21	1192.35	23	342.00	908.00	2535.00	4862	107.16	92.65	1.79	26.57	70.55	196.97	377.78
Gypsy-2_GDe-I_3p:ClassI:LTR:Gypsy	437	62165	155	4	102	6	39.44	4.83	30.23	36.79	38.59	42.72	52.85	610.11	190.01	224	465.00	570.00	825.00	975	139.61	43.48	51.26	106.41	130.43	188.79	223.11
Gypsy-31_BG-I_2p:ClassI:LTR:Gypsy	1312	10202	42	1	40	1	49.45	10.76	28.07	41.94	49.59	57.52	74.26	256.02	372.31	21	76.00	122.50	283.00	1895	19.51	28.38	1.60	5.79	9.34	21.57	144.44
Gypsy-34_BG-I_2p:ClassI:LTR:Gypsy	1242	2596	8	1	7	1	42.71	11.68	24.22	33.78	48.65	52.99	54.54	373.14	554.62	25	27.00	56.00	1146.00	1221	30.04	44.66	2.01	2.17	4.51	92.27	98.31
Gypsy-3_CH_1p:ClassI:LTR:Gypsy	717	28376	70	3	55	2	59.20	10.06	36.69	50.65	59.79	65.87	83.52	518.65	419.54	27	181.00	393.00	750.00	1851	72.34	58.51	3.77	25.24	54.81	104.60	258.16
Gypsy-3_CH_2p:ClassI:LTR:Gypsy	1496	82063	229	2	181	2	64.27	12.37	28.89	55.17	62.80	73.45	95.00	459.13	441.23	23	147.00	312.00	636.00	2163	30.69	29.49	1.54	9.83	20.86	42.51	144.59
Gypsy-4_CH_2p:ClassI:LTR:Gypsy	1436	103414	212	4	160	6	58.84	12.45	27.27	51.94	58.81	68.33	88.49	668.44	609.48	23	240.00	523.50	972.00	4278	46.55	42.44	1.60	16.71	36.46	67.69	297.91
Gypsy-4_MLP-I_2p:ClassI:LTR:Gypsy	1013	2076	2	1	2	1	33.77	1.81	32.49	32.49	33.77	35.05	35.05	1038.00	39.60	1010	1010.00	1038.00	1066.00	1066	102.47	3.91	99.70	99.70	102.47	105.23	105.23
Gypsy-57_BG-I_2p:ClassI:LTR:Gypsy	1249	9724	15	1	12	0	44.92	7.79	34.04	38.52	45.92	52.06	57.87	811.75	621.76	21	267.00	877.50	1485.00	1776	64.99	49.78	1.68	21.38	70.26	118.90	142.19
Gypsy-5_CH_2p:ClassI:LTR:Gypsy	1462	50594	125	2	108	4	62.90	13.75	28.89	53.29	63.36	75.00	90.63	476.91	473.33	23	127.00	318.00	598.00	2289	32.62	32.38	1.57	8.69	21.75	40.90	156.57
Gypsy-63_BG-I_2p:ClassI:LTR:Gypsy	1215	2127	5	1	5	1	41.63	5.80	36.42	37.40	38.55	46.88	48.88	425.40	460.99	25	165.00	351.00	377.00	1209	35.01	37.94	2.06	13.58	28.89	31.03	99.51
Gypsy-6_CH_1p:ClassI:LTR:Gypsy	717	30562	65	3	55	3	54.41	10.92	36.36	44.30	55.28	61.27	82.88	557.35	414.76	24	207.00	510.00	816.00	1863	77.73	57.85	3.35	28.87	71.13	113.81	259.83
Gypsy-6_CH_2p:ClassI:LTR:Gypsy	1462	225791	384	8	253	8	64.12	13.87	25.53	54.87	63.04	73.48	97.58	905.59	868.61	23	261.00	591.00	1311.00	3994	61.94	59.41	1.57	17.85	40.42	89.67	273.19
Gypsy-9_BG-I_3p:ClassI:LTR:Gypsy	504	2029	6	1	6	1	49.56	13.54	32.54	36.00	50.66	63.45	64.06	338.17	223.85	105	147.00	323.00	561.00	570	67.10	44.42	20.83	29.17	64.09	111.31	113.10
HARB-4A_SBi_2p:ClassII:TIR:PIF-Harbinger	731	726	1	1	1	1	37.35	0.00	37.35	37.35	37.35	37.35	37.35	726.00	0.00	726	726.00	726.00	726.00	726	99.32	0.00	99.32	99.32	99.32	99.32	99.32
I-5_AO_1p:ClassI:LINE:I	443	8411	19	1	13	0	66.22	7.97	48.51	60.55	70.56	71.03	73.36	647.08	187.42	153	634.00	639.00	691.00	901	146.07	42.31	34.54	143.12	144.24	155.98	203.39
I-5_AO_2p:ClassI:LINE:I	1255	69144	98	5	47	2	59.98	11.24	25.18	50.00	61.96	68.58	77.78	1477.53	1178.00	66	474.00	1071.00	2272.00	3742	117.73	93.86	5.26	37.77	85.34	181.04	298.17
MarCry-1_FO_1p:ClassII:TIR:Tc1-Mariner	381	9617	37	1	34	1	43.67	9.24	29.59	36.77	42.50	50.00	70.00	283.09	284.33	24	72.00	190.50	372.00	1056	74.30	74.63	6.30	18.90	50.00	97.64	277.17
Mariner-12_SS_1p:ClassII:?:?	573	7011	13	1	13	1	32.62	4.15	25.00	31.13	32.29	36.60	38.89	539.31	418.89	30	39.00	681.00	861.00	1071	94.12	73.11	5.24	6.81	118.85	150.26	186.91
Mariner-13_SS_1p:ClassII:TIR:Tc1-Mariner	568	47991	117	3	107	3	38.80	7.95	23.90	31.82	38.71	44.72	54.26	449.07	485.92	21	61.00	256.00	798.00	1674	79.06	85.55	3.70	10.74	45.07	140.49	294.72
Mariner-1_AFp:ClassII:TIR:Tc1-Mariner	556	111954	159	3	136	2	43.86	6.93	26.71	40.15	45.87	48.06	57.39	823.96	567.07	21	179.00	964.50	1311.00	1635	148.19	101.99	3.78	32.19	173.47	235.79	294.06
Mariner-1_ANp:ClassII:TIR:Tc1-Mariner	364	3080	7	1	4	0	41.18	4.91	36.44	38.02	40.53	47.21	47.21	772.00	496.44	28	996.00	1006.50	1047.00	1047	212.09	136.38	7.69	273.63	276.51	287.64	287.64
Mariner-1_SS_1p:ClassII:TIR:Tc1-Mariner	542	15368	53	4	50	3	39.71	7.94	23.27	33.33	39.56	45.00	55.21	307.36	363.27	21	69.00	102.50	520.00	1563	56.71	67.02	3.87	12.73	18.91	95.94	288.38
Mariner-2_TMe_1p:ClassII:TIR:Tc1-Mariner	585	25532	51	4	40	3	36.66	5.84	25.52	33.58	36.38	39.93	47.81	640.70	436.23	27	179.00	619.50	1023.00	1494	109.52	74.57	4.62	30.60	105.90	174.87	255.38
Mariner-3_AFp:ClassII:TIR:Tc1-Mariner	351	1725	13	1	13	1	41.41	8.29	27.08	36.31	42.19	50.00	52.27	132.69	100.48	21	31.00	127.00	174.00	351	37.80	28.63	5.98	8.83	36.18	49.57	100.00
Mariner-3_SSa_1p:ClassII:TIR:Tc1-Mariner	342	327	1	1	1	1	39.45	0.00	39.45	39.45	39.45	39.45	39.45	327.00	0.00	327	327.00	327.00	327.00	327	95.61	0.00	95.61	95.61	95.61	95.61	95.61
Mariner-3_SS_1p:ClassII:TIR:Tc1-Mariner	547	16272	51	2	49	2	35.43	6.21	25.84	31.17	34.21	39.08	48.15	333.41	307.90	21	85.00	264.00	465.00	1416	60.95	56.29	3.84	15.54	48.26	85.01	258.87
Mariner-4_SS_1p:ClassII:TIR:Tc1-Mariner	547	68344	118	4	111	4	39.96	7.99	24.16	33.75	40.00	45.31	58.44	616.84	426.88	21	262.00	538.00	945.00	1551	112.77	78.04	3.84	47.90	98.35	172.76	283.55
Mariner-51_HSal_1p:ClassII:TIR:Tc1-Mariner	342	484	3	1	3	1	48.94	8.07	39.64	39.64	53.13	54.05	54.05	161.33	152.85	40	40.00	111.00	333.00	333	47.17	44.69	11.70	11.70	32.46	97.37	97.37
Mariner-5_SS_1p:ClassII:TIR:Tc1-Mariner	550	34948	69	4	57	3	43.86	8.80	23.77	37.19	44.47	51.12	65.00	633.89	591.16	24	174.00	369.00	1059.00	2617	115.25	107.48	4.36	31.64	67.09	192.55	475.82
Mariner-6_ANp:ClassII:TIR:Tc1-Mariner	457	6566	32	1	32	1	39.92	7.99	23.96	31.64	40.36	46.51	52.73	205.19	203.03	21	39.00	140.50	282.00	747	44.90	44.43	4.60	8.53	30.74	61.71	163.46
Mariner-9_AN_1p:ClassII:TIR:Tc1-Mariner	622	17636	60	1	44	0	38.83	6.72	25.00	33.96	39.75	43.19	51.40	403.64	394.93	30	93.00	301.00	526.00	1632	64.89	63.49	4.82	14.95	48.39	84.57	262.38
Mariner-9_DAn_1p:ClassII:TIR:Tc1-Mariner	331	996	3	3	3	3	36.75	1.20	35.46	35.46	36.94	37.84	37.84	332.00	1.73	330	330.00	333.00	333.00	333	100.30	0.52	99.70	99.70	100.60	100.60	100.60
Mariner-9_SS_1p:ClassII:?:?	551	4459	28	1	27	1	40.93	9.29	22.09	33.54	39.33	47.54	61.04	165.15	167.58	21	39.00	84.00	240.00	580	29.97	30.41	3.81	7.08	15.25	43.56	105.26
MarinerL-1_AO-1p:ClassII:TIR:Tc1-Mariner	326	1047	3	1	2	0	57.23	15.05	46.58	46.58	57.23	67.87	67.87	523.50	434.87	216	216.00	523.50	831.00	831	160.58	133.40	66.26	66.26	160.58	254.91	254.91
MuDR-17_CCri_2p:ClassII:TIR:MuDR	511	27687	91	1	87	0	42.92	4.41	30.34	40.16	42.97	46.67	51.43	318.86	180.46	26	129.00	360.00	384.00	879	62.40	35.31	5.09	25.24	70.45	75.15	172.02
Polinton-2_HM_12p:ClassII:Maverick:Maverick	418	480	2	1	2	1	32.51	10.21	25.29	25.29	32.51	39.73	39.73	240.00	275.77	45	45.00	240.00	435.00	435	57.42	65.97	10.77	10.77	57.42	104.07	104.07
REAL_AA_1p:ClassI:LTR:Gypsy	1243	187719	264	11	146	8	46.90	10.77	25.81	40.08	45.40	53.02	81.12	1289.98	1015.80	39	399.00	1047.00	2064.00	3627	103.78	81.72	3.14	32.10	84.23	166.05	291.79
Tad1-13B_BG_2p:ClassI:LINE:I	1242	2585	12	1	11	1	35.82	5.34	27.34	32.99	35.53	38.95	46.15	235.64	350.38	24	38.00	126.00	279.00	1238	18.97	28.21	1.93	3.06	10.14	22.46	99.68
Tad1-14_BG_1p:ClassI:LINE:I	523	12083	23	1	22	1	43.09	8.35	25.74	38.22	44.73	47.69	58.82	550.32	249.18	102	396.00	571.50	657.00	1179	105.22	47.64	19.50	75.72	109.27	125.62	225.43
Tad1-14_BG_2p:ClassI:LINE:I	1286	5181	6	1	6	1	37.04	5.01	30.64	33.66	36.03	42.11	43.75	863.50	520.28	21	663.00	880.00	1258.00	1479	67.15	40.46	1.63	51.56	68.43	97.82	115.01
Tad1-22_BG_2p:ClassI:LINE:I	947	1570	4	1	4	1	47.23	9.06	33.76	50.00	51.29	52.58	52.58	392.50	373.17	66	287.00	287.00	930.00	930	41.45	39.41	6.97	30.31	30.31	98.20	98.20
Tad1-24_BG_1p:ClassI:LINE:I	465	6594	15	2	13	0	31.70	4.41	23.98	29.57	30.43	35.86	39.08	508.00	271.74	45	261.00	513.00	744.00	855	109.25	58.44	9.68	56.13	110.32	160.00	183.87
Tad1-37_BG_1p:ClassI:LINE:I	566	2265	5	3	5	3	30.94	6.90	26.53	26.76	26.76	32.09	42.55	453.00	175.65	141	495.00	543.00	543.00	543	80.04	31.03	24.91	87.46	95.94	95.94	95.94
Tad1-39_BG_1p:ClassI:LINE:I	464	1356	8	1	7	0	30.11	2.75	27.25	27.53	29.11	32.99	32.99	194.43	266.84	27	27.00	27.00	291.00	747	41.90	57.51	5.82	5.82	5.82	62.72	160.99
Tad1-41_BG_1p:ClassI:LINE:I	604	902	2	1	2	1	44.88	0.28	44.68	44.68	44.88	45.07	45.07	451.00	248.90	275	275.00	451.00	627.00	627	74.67	41.21	45.53	45.53	74.67	103.81	103.81
Tad1-60_BG_2p:ClassI:LINE:I	1308	37987	73	1	56	2	45.04	8.79	26.83	40.07	44.09	49.07	71.77	680.89	642.40	21	187.00	412.50	1011.00	2838	52.06	49.11	1.61	14.30	31.54	77.29	216.97
Tc1-1_PM_1p:ClassII:TIR:Tc1-Mariner	340	336	1	1	1	1	36.61	0.00	36.61	36.61	36.61	36.61	36.61	336.00	0.00	336	336.00	336.00	336.00	336	98.82	0.00	98.82	98.82	98.82	98.82	98.82
